test/maksssksksss74_png.rf.2fff938239d9d132474e9b4a01f6c8f4.jpg,[2.0, 223.0, 33.0, 266.0, 0.99965715, 1.0, 1][94.0, 187.0, 141.0, 258.0, 0.99931026, 0.99999917, 1][333.0, 173.0, 353.0, 198.0, 0.9975563, 0.99999976, 1][27.0, 166.0, 43.0, 189.0, 0.9965984, 1.0, 1][213.0, 168.0, 236.0, 202.0, 0.9957848, 1.0, 1][176.0, 178.0, 191.0, 199.0, 0.985283, 0.9999659, 1][91.0, 143.0, 102.0, 160.0, 0.9790355, 0.99999964, 1][46.0, 155.0, 56.0, 172.0, 0.9575161, 0.99999297, 1][301.0, 149.0, 305.0, 154.0, 0.9336424, 1.0, 1][236.0, 140.0, 249.0, 157.0, 0.9077409, 0.99999714, 1][162.0, 155.0, 172.0, 169.0, 0.90702754, 0.99997306, 1][288.0, 140.0, 294.0, 147.0, 0.86718166, 0.9999999, 1][182.0, 156.0, 188.0, 165.0, 0.861434, 0.99999654, 1][65.0, 137.0, 75.0, 154.0, 0.8500638, 0.9999924, 1][366.0, 160.0, 375.0, 174.0, 0.8358008, 0.9999924, 1][306.0, 179.0, 316.0, 190.0, 0.8314373, 0.99978083, 1][318.0, 161.0, 326.0, 174.0, 0.7733693, 0.9999956, 1][117.0, 142.0, 122.0, 150.0, 0.7626988, 0.999995, 1][75.0, 171.0, 88.0, 188.0, 0.75582707, 0.9999949, 1][201.0, 158.0, 206.0, 169.0, 0.7510333, 0.9999938, 1][287.0, 158.0, 297.0, 172.0, 0.70546985, 0.9999846, 1][407.0, 178.0, 416.0, 209.0, 0.6978336, 0.99939144, 1][405.0, 148.0, 412.0, 160.0, 0.5732855, 0.9999813, 1][396.0, 157.0, 404.0, 166.0, 0.5028503, 0.9999962, 1]
test/maksssksksss845_png.rf.d3bb56b345ecc5c23ba3ad5f764b954e.jpg,[143.0, 206.0, 241.0, 313.0, 0.99073714, 0.99999964, 1]
test/maksssksksss837_png.rf.162eec716963758443b3a714ca6460ee.jpg,[123.0, 142.0, 262.0, 274.0, 0.9986927, 1.0, 2]
test/maksssksksss273_png.rf.0b54a8109d74ca705f3f9e0a45622933.jpg,[113.0, 154.0, 265.0, 289.0, 0.9984937, 0.9999999, 1]
test/maksssksksss560_png.rf.d7384b1b3cdca3bb1d1bea0e142d3ecf.jpg,[186.0, 194.0, 226.0, 254.0, 0.99917704, 0.99999976, 1]
test/maksssksksss10_png.rf.5a9fa4add22945d5784b7a98ac417d23.jpg,[138.0, 273.0, 267.0, 403.0, 0.99922705, 0.9999999, 1]
test/maksssksksss404_png.rf.49496e44aea5840197fe153585512aca.jpg,[153.0, 221.0, 247.0, 318.0, 0.994829, 1.0, 2]
test/maksssksksss620_png.rf.fe3ce0ee4e305a6aecb983fe62f2ca74.jpg,[220.0, 103.0, 250.0, 144.0, 0.9997757, 1.0, 1][143.0, 104.0, 174.0, 147.0, 0.99973935, 1.0, 1][72.0, 115.0, 105.0, 159.0, 0.99947816, 1.0, 1][375.0, 190.0, 395.0, 228.0, 0.99946445, 1.0, 2][331.0, 192.0, 346.0, 216.0, 0.9939501, 0.9999974, 2][312.0, 221.0, 327.0, 241.0, 0.96178997, 0.9999982, 1]
test/maksssksksss372_png.rf.aad60caf291b35e2bd637831201a9371.jpg,[98.0, 66.0, 119.0, 112.0, 0.9999136, 1.0, 1][169.0, 35.0, 194.0, 83.0, 0.99988806, 1.0, 1]
test/maksssksksss224_png.rf.4d50233dfbebfc38efa7c794e24b669f.jpg,[228.0, 125.0, 301.0, 206.0, 0.84164757, 0.99986815, 1]
test/maksssksksss849_png.rf.43f9c74f431779808e71b68a689d77ab.jpg,[368.0, 26.0, 387.0, 67.0, 0.9998037, 1.0, 1][220.0, 48.0, 241.0, 85.0, 0.9996773, 1.0, 1][99.0, 32.0, 112.0, 60.0, 0.9972523, 0.9999975, 1][49.0, 88.0, 70.0, 121.0, 0.9719867, 0.99999917, 1]
test/maksssksksss52_png.rf.1942e252a2385226b9812a3d09fa184f.jpg,[137.0, 123.0, 162.0, 168.0, 0.9998604, 0.9999999, 2][338.0, 90.0, 366.0, 138.0, 0.9997242, 1.0, 1][77.0, 52.0, 97.0, 96.0, 0.9997193, 0.9999999, 2][174.0, 100.0, 202.0, 154.0, 0.9996871, 0.9986181, 0][120.0, 235.0, 168.0, 326.0, 0.99968445, 1.0, 1][100.0, 60.0, 120.0, 97.0, 0.9996443, 1.0, 1][0.0, 60.0, 24.0, 109.0, 0.9988411, 1.0, 1][315.0, 27.0, 335.0, 65.0, 0.99758244, 1.0, 1][196.0, 153.0, 218.0, 204.0, 0.9968214, 0.99999976, 1][215.0, 213.0, 274.0, 317.0, 0.9961991, 0.99999905, 1][318.0, 68.0, 341.0, 104.0, 0.9961952, 1.0, 1][34.0, 122.0, 78.0, 191.0, 0.9957569, 0.99999976, 1][364.0, 85.0, 382.0, 129.0, 0.9938903, 0.9999981, 1][293.0, 195.0, 330.0, 273.0, 0.98977166, 0.9999995, 1][42.0, 42.0, 59.0, 71.0, 0.98882335, 1.0, 1][91.0, 133.0, 124.0, 202.0, 0.9739155, 0.9999999, 2][28.0, 309.0, 89.0, 398.0, 0.9525217, 0.9999988, 2][336.0, 17.0, 350.0, 45.0, 0.9286259, 0.9816285, 2][313.0, 275.0, 369.0, 373.0, 0.92459786, 0.99999774, 1][231.0, 92.0, 254.0, 130.0, 0.9240793, 0.99979943, 2][132.0, 10.0, 145.0, 31.0, 0.9085958, 0.9999889, 1][376.0, 39.0, 387.0, 64.0, 0.78360236, 0.99999213, 1][165.0, 238.0, 204.0, 280.0, 0.75946015, 0.9999895, 1][286.0, 15.0, 297.0, 34.0, 0.6644671, 0.9999976, 2][295.0, 130.0, 323.0, 167.0, 0.5701896, 0.9999291, 1]
test/maksssksksss40_png.rf.3c5f10b89859ba368d6b880ded8beba0.jpg,[208.0, 115.0, 244.0, 172.0, 0.9999083, 1.0, 1][65.0, 134.0, 113.0, 212.0, 0.9998859, 1.0, 1][377.0, 121.0, 408.0, 173.0, 0.99938786, 1.0, 2][265.0, 119.0, 308.0, 192.0, 0.9982187, 0.99999964, 1]
test/maksssksksss255_png.rf.27af672940748e31280602e1f0386311.jpg,[155.0, 167.0, 176.0, 208.0, 0.999869, 1.0, 1][76.0, 165.0, 97.0, 206.0, 0.99976116, 1.0, 1][174.0, 232.0, 201.0, 290.0, 0.9997565, 1.0, 1][383.0, 280.0, 408.0, 336.0, 0.9952246, 0.99999595, 1][318.0, 203.0, 389.0, 334.0, 0.9944088, 1.0, 1][278.0, 193.0, 294.0, 225.0, 0.9846144, 0.99999976, 1][6.0, 174.0, 23.0, 201.0, 0.9828871, 0.99999774, 1][243.0, 182.0, 253.0, 210.0, 0.9809545, 0.9999999, 1][33.0, 213.0, 48.0, 242.0, 0.97780323, 0.99999523, 1][122.0, 184.0, 145.0, 217.0, 0.9337001, 0.9999982, 1][91.0, 141.0, 100.0, 164.0, 0.7747629, 0.9999994, 1][132.0, 145.0, 138.0, 155.0, 0.77055603, 0.9999927, 1][44.0, 149.0, 53.0, 163.0, 0.7080606, 0.9999647, 1][103.0, 135.0, 113.0, 154.0, 0.6966385, 0.99997056, 1]
test/maksssksksss586_png.rf.9d83e3705ed875b8758a4bf8b59bb727.jpg,[19.0, 184.0, 51.0, 239.0, 0.99954826, 1.0, 1][104.0, 154.0, 155.0, 254.0, 0.99881953, 1.0, 1][199.0, 181.0, 231.0, 244.0, 0.9852187, 0.9998852, 1]
test/maksssksksss212_png.rf.a7c9a7dbd481d1850fc9a7697eed6197.jpg,[176.0, 81.0, 266.0, 132.0, 0.98825014, 0.9999889, 1]
test/maksssksksss54_png.rf.c99de217e8a1293a3e029fa4596baeee.jpg,[323.0, 126.0, 352.0, 176.0, 0.9998982, 1.0, 1][125.0, 57.0, 161.0, 122.0, 0.99969816, 1.0, 1][201.0, 106.0, 235.0, 171.0, 0.9994772, 0.9999999, 1]
test/maksssksksss160_png.rf.54f81ca0a9527fc586803ad7fe021f0b.jpg,[256.0, 164.0, 320.0, 283.0, 0.957285, 0.9999988, 1][75.0, 122.0, 152.0, 213.0, 0.93535876, 0.9999604, 1]
test/maksssksksss782_png.rf.b5836bebb74b30ed1c28c6f40f4a806f.jpg,[207.0, 268.0, 235.0, 319.0, 0.9998411, 0.9999975, 1][299.0, 152.0, 338.0, 236.0, 0.9995993, 1.0, 1]
test/maksssksksss537_png.rf.61fb3fc198a9873c350aefb1e9b66334.jpg,[126.0, 177.0, 274.0, 308.0, 0.9964587, 1.0, 2]
test/maksssksksss451_png.rf.59447d7d37e1758a63fad97cea4949e2.jpg,[274.0, 38.0, 296.0, 75.0, 0.99989486, 1.0, 1][130.0, 56.0, 157.0, 98.0, 0.9997069, 1.0, 1][307.0, 178.0, 339.0, 219.0, 0.99956936, 0.9999999, 1][216.0, 92.0, 241.0, 128.0, 0.99934024, 1.0, 2][96.0, 54.0, 118.0, 86.0, 0.99846613, 1.0, 1][236.0, 72.0, 253.0, 99.0, 0.99825186, 1.0, 2][1.0, 224.0, 52.0, 358.0, 0.9978351, 0.99999964, 1][191.0, 148.0, 220.0, 191.0, 0.99777406, 0.9999999, 1][377.0, 129.0, 400.0, 160.0, 0.9960961, 0.99999976, 1][166.0, 6.0, 186.0, 44.0, 0.99321586, 0.99999964, 2][122.0, 8.0, 146.0, 41.0, 0.9928819, 0.9999995, 1][332.0, 64.0, 353.0, 98.0, 0.9900675, 0.99999976, 1][13.0, -0.0, 34.0, 18.0, 0.80270666, 0.99946994, 1]
test/maksssksksss31_png.rf.b26149f919a09b277550695c3e54399d.jpg,[142.0, 86.0, 212.0, 214.0, 0.69243854, 0.99999917, 1]
test/maksssksksss741_png.rf.ef6f86c800f887f96a2b6b9190a470c3.jpg,[154.0, 37.0, 251.0, 81.0, 0.99981076, 1.0, 0]
test/maksssksksss104_png.rf.67187f00e0dc669fa4c8588f18a52d56.jpg,[316.0, 201.0, 342.0, 245.0, 0.99990964, 1.0, 2][41.0, 170.0, 66.0, 218.0, 0.9998647, 1.0, 2][226.0, 155.0, 267.0, 215.0, 0.99977416, 1.0, 1][133.0, 168.0, 183.0, 242.0, 0.9995011, 1.0, 1][1.0, 160.0, 22.0, 196.0, 0.99672616, 0.9999993, 2][29.0, 138.0, 48.0, 161.0, 0.99105257, 1.0, 2][169.0, 139.0, 188.0, 177.0, 0.9508357, 0.89167196, 0][86.0, 137.0, 98.0, 173.0, 0.8916705, 0.9999999, 1]
test/maksssksksss21_png.rf.6b684c8a15abc45a6935538c0729e005.jpg,[319.0, 76.0, 374.0, 179.0, 0.99980336, 1.0, 1][186.0, 55.0, 228.0, 102.0, 0.9993517, 1.0, 2][54.0, 101.0, 114.0, 201.0, 0.9986909, 1.0, 1][192.0, 144.0, 259.0, 260.0, 0.99759406, 0.9999999, 1][39.0, 250.0, 126.0, 413.0, 0.99089956, 0.9999999, 1][1.0, 69.0, 14.0, 141.0, 0.8880235, 0.99824035, 2]
test/maksssksksss385_png.rf.368552c1a2d7f0f4ed63e0c7bfb9fc31.jpg,[125.0, 129.0, 164.0, 190.0, 0.99990773, 1.0, 1][49.0, 31.0, 64.0, 53.0, 0.9748087, 0.99996054, 2][223.0, 43.0, 239.0, 64.0, 0.80859774, 1.0, 2][392.0, 45.0, 413.0, 74.0, 0.6103819, 0.9921894, 2]
test/maksssksksss716_png.rf.4f890dfd43ff57258b4e9707cbd39f88.jpg,[130.0, 169.0, 293.0, 316.0, 0.99842083, 1.0, 2]
test/maksssksksss636_png.rf.6d6353df1a626a3da74410746415e3bf.jpg,[77.0, 130.0, 99.0, 165.0, 0.99919623, 1.0, 1][281.0, 141.0, 296.0, 168.0, 0.99852604, 1.0, 2][234.0, 128.0, 251.0, 150.0, 0.99344844, 0.9999999, 2][167.0, 158.0, 196.0, 184.0, 0.98071206, 0.99999976, 1][38.0, 137.0, 46.0, 150.0, 0.92146933, 0.99999857, 1][207.0, 140.0, 215.0, 157.0, 0.8898052, 0.99999857, 1][310.0, 133.0, 318.0, 147.0, 0.8700346, 0.99999976, 1][330.0, 137.0, 340.0, 152.0, 0.768846, 0.99999976, 1]
test/maksssksksss480_png.rf.ae2b55701e20414266cd4e6d1dbb0c3c.jpg,[179.0, 192.0, 337.0, 348.0, 0.999148, 1.0, 1]
test/maksssksksss757_png.rf.be517906e023217c2404a0c3e072a8b9.jpg,[136.0, 166.0, 314.0, 336.0, 0.9991935, 1.0, 2]
test/maksssksksss203_png.rf.5747f0c50b65628884638aff5c25c6bf.jpg,[104.0, 79.0, 129.0, 123.0, 0.9998784, 1.0, 1][316.0, 77.0, 342.0, 124.0, 0.99983656, 1.0, 1][11.0, 59.0, 36.0, 105.0, 0.99979836, 1.0, 1][243.0, 90.0, 264.0, 131.0, 0.99955565, 1.0, 1][217.0, 73.0, 238.0, 112.0, 0.6993684, 0.7975352, 0]
test/maksssksksss704_png.rf.16080a3af1d012e2f503b7b9e3d606e6.jpg,[349.0, 22.0, 392.0, 113.0, 0.9998354, 1.0, 1][115.0, 140.0, 181.0, 244.0, 0.9995198, 1.0, 1][48.0, 134.0, 88.0, 214.0, 0.99917394, 1.0, 1][65.0, 70.0, 111.0, 160.0, 0.99914503, 1.0, 1][259.0, 31.0, 307.0, 105.0, 0.9988636, 0.99999976, 1][336.0, 216.0, 403.0, 315.0, 0.99359107, 0.99999976, 1][193.0, 182.0, 276.0, 313.0, 0.96989864, 0.9999995, 1]
test/maksssksksss490_png.rf.7ef8605113f844276b5eeddf67311f38.jpg,[123.0, 153.0, 283.0, 292.0, 0.9980324, 0.9999993, 1]
test/maksssksksss291_png.rf.3269349fd907ac231131e324edb34203.jpg,[176.0, 271.0, 276.0, 360.0, 0.99736005, 0.9999981, 1]
test/maksssksksss443_png.rf.21b7bea5f5e8c091c34782a5237023d9.jpg,[121.0, 148.0, 255.0, 277.0, 0.9989698, 1.0, 2]
test/maksssksksss728_png.rf.0d07189c65a97afd62fb232f26cc44a2.jpg,[273.0, 127.0, 288.0, 159.0, 0.9966272, 1.0, 1][107.0, 67.0, 125.0, 99.0, 0.9924149, 1.0, 1][364.0, 105.0, 375.0, 130.0, 0.99106884, 0.99999964, 1][41.0, 84.0, 60.0, 115.0, 0.9885338, 1.0, 1][393.0, 128.0, 410.0, 158.0, 0.9857157, 1.0, 1][193.0, 90.0, 207.0, 112.0, 0.93998, 0.9974623, 1]
test/maksssksksss227_png.rf.8d1eabe98f91ee9fc7118488fafd9500.jpg,[281.0, 134.0, 311.0, 176.0, 0.9999205, 1.0, 1][250.0, 78.0, 281.0, 122.0, 0.9999026, 1.0, 1][168.0, 120.0, 189.0, 160.0, 0.9990615, 1.0, 1][75.0, 119.0, 91.0, 141.0, 0.99821705, 0.9999999, 1][151.0, 161.0, 175.0, 193.0, 0.9979221, 1.0, 1][356.0, 95.0, 379.0, 131.0, 0.99736387, 0.99999976, 1][32.0, 118.0, 48.0, 142.0, 0.99680686, 1.0, 1][-1.0, 98.0, 29.0, 204.0, 0.99127823, 0.9999994, 1][101.0, 121.0, 125.0, 146.0, 0.99020606, 0.99999964, 1][127.0, 134.0, 149.0, 158.0, 0.97098136, 0.9999739, 1][210.0, 110.0, 219.0, 125.0, 0.6959704, 0.9999913, 1][56.0, 110.0, 70.0, 128.0, 0.62095743, 0.9999876, 1]
test/maksssksksss319_png.rf.2e9f778a5b9b5849e3f2e25a1a9347b2.jpg,[188.0, 99.0, 208.0, 135.0, 0.9989465, 1.0, 1][111.0, 112.0, 126.0, 132.0, 0.99806017, 1.0, 2][153.0, 123.0, 169.0, 152.0, 0.9967051, 1.0, 1][216.0, 110.0, 235.0, 143.0, 0.99154145, 1.0, 1][242.0, 128.0, 259.0, 159.0, 0.99003917, 0.99999905, 1][134.0, 109.0, 148.0, 135.0, 0.954829, 0.9991443, 2][71.0, 112.0, 79.0, 125.0, 0.88194096, 0.9999956, 1]
test/maksssksksss663_png.rf.f2432361f8252606ebb6765d0b62efec.jpg,[103.0, 197.0, 209.0, 317.0, 0.99379987, 0.9999981, 1]
test/maksssksksss339_png.rf.44adfdd05b582ef22326cabae9577a9b.jpg,[91.0, 216.0, 183.0, 315.0, 0.9931973, 0.99999726, 1]
test/maksssksksss252_png.rf.6191cc8e0c52b62016092f1bfe93626b.jpg,[104.0, 98.0, 228.0, 309.0, 0.96272266, 0.99999964, 1]
test/maksssksksss230_png.rf.d3f2c2bb4461a7b7df97a3a3195ef5a0.jpg,[158.0, 44.0, 202.0, 103.0, 0.9993544, 1.0, 1][102.0, 108.0, 146.0, 163.0, 0.99895096, 0.9999976, 1][246.0, 200.0, 315.0, 297.0, 0.99350184, 1.0, 1][7.0, 208.0, 77.0, 305.0, 0.9106459, 0.99999845, 1][343.0, 157.0, 414.0, 275.0, 0.6995554, 0.99999857, 1]
test/maksssksksss651_png.rf.dd0b9e52a7e0548142d1f7ea24ce802a.jpg,[191.0, 78.0, 227.0, 138.0, 0.9998753, 1.0, 1]
test/maksssksksss814_png.rf.f3f57095ac3161a924307259e794ed1e.jpg,[160.0, 271.0, 284.0, 394.0, 0.99925953, 1.0, 1]
test/maksssksksss778_png.rf.1860e2fac6a69a46710af2b3c7d1004c.jpg,[56.0, 32.0, 90.0, 92.0, 0.9996207, 1.0, 1][229.0, 55.0, 259.0, 107.0, 0.9994031, 1.0, 1][325.0, 132.0, 393.0, 227.0, 0.99579465, 1.0, 1][179.0, 76.0, 210.0, 126.0, 0.7029053, 0.99998677, 1][96.0, 162.0, 129.0, 224.0, 0.69806504, 0.9999181, 1]
test/maksssksksss587_png.rf.ebcbd6cc90b9da18fce2d936cf28f31d.jpg,[216.0, 29.0, 255.0, 79.0, 0.9998503, 1.0, 1][72.0, 200.0, 104.0, 240.0, 0.9993492, 1.0, 1]
test/maksssksksss397_png.rf.067823344727b8476f947a915f37114d.jpg,[38.0, 77.0, 78.0, 169.0, 0.9997204, 1.0, 1][313.0, 94.0, 372.0, 195.0, 0.9995377, 1.0, 1][245.0, -6.0, 286.0, 101.0, 0.99394155, 0.99999654, 1][186.0, 106.0, 261.0, 237.0, 0.93341935, 0.99999976, 1]
test/maksssksksss600_png.rf.bb72060d200320a444d8d71a3d03c82c.jpg,[152.0, 116.0, 263.0, 301.0, 0.99958307, 1.0, 1]
test/maksssksksss199_png.rf.28402bbd7dc8f06aef75de80a3cdff85.jpg,[44.0, 212.0, 56.0, 235.0, 0.9846042, 0.99999547, 1][332.0, 169.0, 348.0, 194.0, 0.984159, 0.9999889, 1][281.0, 193.0, 293.0, 214.0, 0.9345009, 0.99999833, 1][217.0, 155.0, 228.0, 176.0, 0.92937464, 0.99999917, 1][137.0, 179.0, 149.0, 196.0, 0.8675732, 0.99997795, 0]
test/maksssksksss708_png.rf.b1e026ebf68e85e25aa5709c260f605e.jpg,[212.0, 107.0, 286.0, 228.0, 0.93345875, 0.99999976, 1][135.0, 115.0, 207.0, 244.0, 0.8125303, 0.99999535, 1]
test/maksssksksss575_png.rf.f87759cf7b023852a381971d3b6c1585.jpg,[238.0, 284.0, 267.0, 342.0, 0.9996835, 1.0, 2][173.0, 75.0, 202.0, 124.0, 0.99938774, 0.9999995, 1][275.0, 321.0, 306.0, 361.0, 0.9960705, 0.9999999, 2][395.0, 229.0, 414.0, 272.0, 0.993916, 0.9999994, 2][36.0, 179.0, 54.0, 208.0, 0.98101383, 0.9999989, 2]
test/maksssksksss153_png.rf.e4eb83960a295b2e0c2d9997d39c1622.jpg,[298.0, 29.0, 322.0, 68.0, 0.9940977, 0.99959975, 2][93.0, 29.0, 116.0, 66.0, 0.9910891, 0.999998, 1]
test/maksssksksss268_png.rf.2bee7dd34cd8260f670986147df595b2.jpg,[338.0, 62.0, 412.0, 118.0, 0.854481, 0.99991906, 2][137.0, 84.0, 274.0, 141.0, 0.7865046, 0.99908984, 1]
test/maksssksksss215_png.rf.8940d59abc936a02d32e7b6435bdb495.jpg,[75.0, 75.0, 162.0, 159.0, 0.9953312, 0.99999857, 1][250.0, 101.0, 328.0, 172.0, 0.9801089, 0.99999344, 1]
test/maksssksksss158_png.rf.3ca844d33694eb2549374807cbdf0fa6.jpg,[247.0, 77.0, 264.0, 105.0, 0.9992281, 1.0, 1][30.0, 105.0, 45.0, 128.0, 0.9983804, 1.0, 1][304.0, 84.0, 322.0, 111.0, 0.9981108, 1.0, 1][93.0, 84.0, 108.0, 107.0, 0.9976876, 0.99999964, 1][367.0, 95.0, 385.0, 128.0, 0.9958008, 1.0, 1][2.0, 84.0, 23.0, 117.0, 0.99549294, 0.9999988, 1][291.0, 86.0, 303.0, 108.0, 0.99255544, 0.9999993, 1][117.0, 79.0, 137.0, 110.0, 0.98840374, 0.99999976, 1][226.0, 117.0, 247.0, 143.0, 0.98709583, 0.99999666, 1][156.0, 105.0, 174.0, 128.0, 0.972712, 0.9999963, 1][188.0, 103.0, 202.0, 125.0, 0.9707974, 0.9999924, 1][334.0, 121.0, 356.0, 152.0, 0.9648188, 0.9999994, 1]
test/maksssksksss277_png.rf.0d59290653dde9467343eee6b88dee95.jpg,[169.0, 80.0, 185.0, 111.0, 0.998566, 1.0, 1][136.0, 92.0, 146.0, 112.0, 0.99078953, 0.9999933, 2][291.0, 91.0, 305.0, 125.0, 0.98968995, 0.9999995, 1][210.0, 88.0, 229.0, 121.0, 0.98235035, 0.99999976, 1][29.0, 87.0, 50.0, 111.0, 0.9811086, 0.99999857, 1][350.0, 83.0, 373.0, 118.0, 0.9722959, 0.999998, 1][98.0, 64.0, 118.0, 94.0, 0.9655614, 0.99999547, 1][61.0, 113.0, 68.0, 125.0, 0.8534257, 0.99999726, 1]
test/maksssksksss432_png.rf.bdd0b2be575715e64c8cc5ec5ecd54e8.jpg,[188.0, 126.0, 260.0, 248.0, 0.5684674, 0.999765, 1]
test/maksssksksss444_png.rf.aeae14bcd81699c0428bba9999084e00.jpg,[311.0, 210.0, 344.0, 265.0, 0.99976116, 1.0, 1][252.0, 233.0, 292.0, 291.0, 0.99879456, 0.9999964, 1][359.0, 257.0, 398.0, 316.0, 0.99850404, 0.9999982, 1]
test/maksssksksss438_png.rf.36ad07ea6da8ffda3fc5b2ed8d06bb9e.jpg,[157.0, 23.0, 174.0, 49.0, 0.9939295, 1.0, 1][81.0, 38.0, 96.0, 69.0, 0.98547715, 0.9999999, 1][241.0, 57.0, 256.0, 83.0, 0.98460823, 0.99999964, 1][305.0, 54.0, 316.0, 84.0, 0.81256515, 0.9999982, 1]
test/maksssksksss687_png.rf.ae60f22fd65f09464673734931b92e77.jpg,[83.0, 218.0, 236.0, 370.0, 0.99977833, 1.0, 1]
test/maksssksksss507_png.rf.d563c1a8d9865936a8e47e3c7a47e9f6.jpg,[128.0, 95.0, 276.0, 359.0, 0.9915597, 0.99999976, 1]
test/maksssksksss211_png.rf.7abd4a0f564bbe9c31da65003751e668.jpg,[153.0, 106.0, 291.0, 248.0, 0.9964803, 0.9999993, 1]
test/maksssksksss769_png.rf.6856f8f864fc1101eabfcfa6ae12af1a.jpg,[233.0, 78.0, 262.0, 137.0, 0.9999678, 1.0, 1][293.0, 248.0, 322.0, 282.0, 0.9471884, 0.9999964, 1][72.0, 1.0, 97.0, 29.0, 0.8674831, 0.9999865, 1]
test/maksssksksss538_png.rf.66ca4998495d418da935839519017573.jpg,[256.0, 104.0, 286.0, 156.0, 0.99997115, 1.0, 1][125.0, 145.0, 148.0, 188.0, 0.9993494, 1.0, 1][349.0, 152.0, 371.0, 184.0, 0.9376018, 0.99999774, 1]
test/maksssksksss117_png.rf.7e94cfdd2103f274d64e99014148fc3c.jpg,[179.0, 233.0, 314.0, 355.0, 0.9997129, 1.0, 1]
test/maksssksksss714_png.rf.628a189c74af7914bccf7100e97951c7.jpg,[80.0, 196.0, 111.0, 238.0, 0.99986196, 1.0, 1][392.0, 176.0, 414.0, 214.0, 0.99941146, 1.0, 1][186.0, 212.0, 213.0, 251.0, 0.9948755, 0.99999917, 1][316.0, 259.0, 338.0, 290.0, 0.99264413, 0.99999857, 1]
test/maksssksksss185_png.rf.c3cba6e9535ed60e184125c40be4471d.jpg,[115.0, 172.0, 143.0, 234.0, 0.9937692, 0.99999905, 1][83.0, 205.0, 126.0, 294.0, 0.9924602, 0.99999964, 1][172.0, 153.0, 203.0, 191.0, 0.9398937, 0.99999833, 1][277.0, 98.0, 301.0, 134.0, 0.5230126, 0.9999914, 1]
test/maksssksksss43_png.rf.3b12531260a7e2d780b72c57df8c2446.jpg,[179.0, 48.0, 264.0, 106.0, 0.9867684, 0.99998355, 1][401.0, 139.0, 416.0, 160.0, 0.92324835, 0.99996936, 1]
test/maksssksksss843_png.rf.586d007328db9c4523fa1ec5a6a5b964.jpg,[-2.0, 130.0, 63.0, 225.0, 0.9757362, 0.99999607, 1][340.0, 210.0, 413.0, 283.0, 0.9550992, 0.9999871, 1][144.0, 130.0, 224.0, 225.0, 0.9357073, 0.9999937, 1]
test/maksssksksss831_png.rf.971da7c17a9dfd12a0505c5235feb69c.jpg,[77.0, 107.0, 123.0, 191.0, 0.99974054, 1.0, 1][354.0, 149.0, 374.0, 194.0, 0.5582515, 0.9999821, 2]
test/maksssksksss559_png.rf.de973c7f009e012389b346f8812302cf.jpg,[187.0, 228.0, 219.0, 294.0, 0.9998634, 1.0, 1][66.0, 313.0, 89.0, 352.0, 0.9992118, 1.0, 1][98.0, 262.0, 152.0, 363.0, 0.9991671, 1.0, 1][176.0, 171.0, 197.0, 207.0, 0.9980204, 0.9999461, 2][5.0, 352.0, 46.0, 412.0, 0.99766517, 0.9999994, 1][268.0, 69.0, 286.0, 97.0, 0.9954861, 0.99855536, 2][124.0, 86.0, 141.0, 116.0, 0.99404943, 1.0, 1][239.0, 51.0, 255.0, 78.0, 0.9926802, 0.99999917, 1][307.0, 69.0, 322.0, 91.0, 0.9921334, 0.9999982, 1][168.0, 88.0, 185.0, 118.0, 0.98554265, 0.99999917, 1][226.0, 143.0, 242.0, 171.0, 0.97806454, 0.99999976, 1][157.0, 36.0, 174.0, 64.0, 0.97124857, 0.99999976, 1][200.0, 49.0, 213.0, 69.0, 0.8421279, 0.99996936, 1]
test/maksssksksss453_png.rf.549da92cb3929d34b9bdc6eb297a4b64.jpg,[24.0, 195.0, 51.0, 231.0, 0.9991166, 1.0, 1][270.0, 33.0, 289.0, 73.0, 0.9990619, 1.0, 2][49.0, 238.0, 72.0, 285.0, 0.9989353, 1.0, 1][129.0, 205.0, 150.0, 242.0, 0.9987558, 0.9999999, 1][163.0, 205.0, 185.0, 239.0, 0.99784386, 1.0, 1][2.0, 77.0, 17.0, 101.0, 0.98445904, 0.99983525, 2][358.0, 50.0, 382.0, 85.0, 0.9805721, 0.99999845, 1][54.0, -0.0, 70.0, 25.0, 0.97170943, 0.99999905, 2][349.0, 109.0, 372.0, 149.0, 0.9680113, 0.9999994, 1][217.0, 73.0, 229.0, 99.0, 0.9183989, 0.9999995, 2][105.0, 378.0, 131.0, 414.0, 0.8985638, 0.9948186, 2][204.0, 74.0, 216.0, 104.0, 0.8785753, 0.9999989, 2][102.0, 144.0, 119.0, 170.0, 0.70107186, 0.99997246, 2]
test/maksssksksss669_png.rf.9b7f88d05b073f9731d30becf5ad6839.jpg,[79.0, 116.0, 298.0, 305.0, 0.9803344, 0.9999956, 1]
test/maksssksksss435_png.rf.6a62551dbe4c268fd009b6021e986d0b.jpg,[168.0, 77.0, 199.0, 122.0, 0.99994075, 1.0, 1][273.0, 85.0, 301.0, 127.0, 0.999637, 1.0, 1][238.0, 36.0, 275.0, 105.0, 0.9995927, 1.0, 1][94.0, 66.0, 119.0, 104.0, 0.997724, 1.0, 1][82.0, 240.0, 112.0, 266.0, 0.9635035, 0.99999976, 1]
test/maksssksksss692_png.rf.ab45f13f2786b14ee1324cc94c39799c.jpg,[95.0, 233.0, 221.0, 363.0, 0.9994246, 1.0, 1]
test/maksssksksss572_png.rf.07abf21a411bde33d104b44fcf13fe83.jpg,[174.0, 15.0, 204.0, 75.0, 0.9999254, 1.0, 1][221.0, 39.0, 253.0, 96.0, 0.99983895, 1.0, 1][199.0, 88.0, 237.0, 151.0, 0.99977154, 1.0, 1][112.0, 212.0, 147.0, 275.0, 0.9996455, 0.99999976, 1][292.0, 126.0, 311.0, 163.0, 0.9982697, 0.9999999, 1][350.0, 134.0, 371.0, 169.0, 0.98485214, 0.9999932, 1]
test/maksssksksss188_png.rf.ca49cf88a73b65a6ec2be2da2ec8482c.jpg,[141.0, 209.0, 279.0, 338.0, 0.99730647, 1.0, 1]
test/maksssksksss329_png.rf.fa8006f8b9458d77d296ee5bc955c42e.jpg,[310.0, 185.0, 363.0, 266.0, 0.9996233, 1.0, 1][177.0, 190.0, 233.0, 275.0, 0.99952745, 0.9999999, 1][318.0, 40.0, 377.0, 127.0, 0.9993524, 1.0, 1][44.0, 37.0, 98.0, 125.0, 0.9984281, 1.0, 1][39.0, 329.0, 88.0, 402.0, 0.9979619, 0.9999995, 1][53.0, 186.0, 94.0, 250.0, 0.9977791, 0.9999999, 1][183.0, 331.0, 237.0, 404.0, 0.99573624, 0.99999976, 1][28.0, 7.0, 55.0, 48.0, 0.9758931, 0.99999654, 2][296.0, 300.0, 385.0, 406.0, 0.9588418, 0.99999666, 1]
test/maksssksksss455_png.rf.ae173aa51cdd8ed988e40428161c7961.jpg,[140.0, 224.0, 320.0, 395.0, 0.999225, 1.0, 2]
test/maksssksksss752_png.rf.b2600ec489465bde6301dc0722857aac.jpg,[129.0, 9.0, 142.0, 37.0, 0.9967601, 1.0, 1][200.0, 38.0, 219.0, 73.0, 0.9956676, 0.9999987, 1][55.0, 25.0, 69.0, 53.0, 0.99323153, 0.99999905, 1][354.0, 42.0, 373.0, 77.0, 0.9843035, 0.99999964, 1][278.0, 33.0, 299.0, 65.0, 0.95651793, 0.99999905, 1][104.0, 27.0, 109.0, 36.0, 0.8898238, 0.9999999, 1][183.0, 35.0, 195.0, 61.0, 0.87951267, 0.9999994, 1][121.0, 51.0, 133.0, 64.0, 0.72926766, 0.96954525, 1]
test/maksssksksss420_png.rf.c6c16fe8317e9d8f1548ae2df22d0e30.jpg,[133.0, 166.0, 270.0, 291.0, 0.9983535, 1.0, 2]
test/maksssksksss342_png.rf.e7b25c67ebad03c5f866cf660f7d6258.jpg,[28.0, 83.0, 53.0, 132.0, 0.9999274, 1.0, 2][190.0, 102.0, 211.0, 143.0, 0.9997813, 1.0, 1][259.0, 154.0, 299.0, 209.0, 0.9997466, 0.99999976, 1][73.0, 148.0, 104.0, 193.0, 0.9995615, 1.0, 1][307.0, 98.0, 333.0, 134.0, 0.9991579, 1.0, 1][134.0, 66.0, 152.0, 92.0, 0.99863845, 1.0, 1][110.0, 184.0, 148.0, 251.0, 0.99792224, 0.99999964, 1][166.0, 87.0, 179.0, 113.0, 0.9945353, 0.9999999, 1][107.0, 76.0, 121.0, 101.0, 0.9939796, 0.9999989, 1][335.0, 317.0, 400.0, 412.0, 0.9886761, 0.9999999, 1][89.0, 71.0, 106.0, 103.0, 0.96561086, 1.0, 1][221.0, 82.0, 236.0, 107.0, 0.64863354, 0.9909223, 1][158.0, 73.0, 168.0, 96.0, 0.57075936, 0.99998736, 1]
test/maksssksksss64_png.rf.2a68904be1aa2e66672d541b1825bf54.jpg,[318.0, 38.0, 337.0, 75.0, 0.9998036, 1.0, 1][155.0, 71.0, 176.0, 108.0, 0.9996013, 1.0, 1][101.0, 79.0, 120.0, 115.0, 0.98466694, 1.0, 1]
test/maksssksksss773_png.rf.975b5fd764c61ffecd7e1419a665d2dd.jpg,[152.0, 94.0, 180.0, 133.0, 0.9952651, 0.99999964, 1][304.0, 94.0, 323.0, 122.0, 0.9665855, 0.9999943, 2][67.0, 106.0, 94.0, 127.0, 0.94435734, 0.9995321, 1][236.0, 19.0, 243.0, 30.0, 0.68055433, 0.99065596, 1][398.0, 25.0, 409.0, 44.0, 0.5675252, 0.99996936, 2]
test/maksssksksss111_png.rf.c1f90ca5e9c580ff3d5f2088bae269ea.jpg,[190.0, 103.0, 214.0, 142.0, 0.9997254, 1.0, 1][300.0, 100.0, 328.0, 139.0, 0.9995473, 1.0, 1][144.0, 96.0, 166.0, 130.0, 0.9992391, 1.0, 1][113.0, 89.0, 136.0, 125.0, 0.997561, 1.0, 1][258.0, 111.0, 280.0, 145.0, 0.98509467, 0.99999917, 1][50.0, 148.0, 63.0, 172.0, 0.9655595, 0.9999958, 1][399.0, 144.0, 414.0, 170.0, 0.5987948, 0.9999896, 1][398.0, 191.0, 415.0, 222.0, 0.5095933, 0.9999702, 2]
