maksssksksss104_png.rf.67187f00e0dc669fa4c8588f18a52d56.txt 42,168,68,217,2 1,162,22,193,2 30,136,47,162,2 137,167,180,235,1 229,156,265,215,1 315,203,343,245,2 85,131,99,148,2 173,140,186,167,2
maksssksksss10_png.rf.5a9fa4add22945d5784b7a98ac417d23.txt 134,277,267,397,1
maksssksksss111_png.rf.c1f90ca5e9c580ff3d5f2088bae269ea.txt 17,281,35,312,1 17,155,25,179,1 49,150,62,174,1 17,196,27,222,2 4,205,14,234,2 112,90,136,126,1 144,98,166,130,1 190,104,214,143,1 257,112,277,146,1 302,99,326,138,1 397,148,412,169,1 397,192,413,224,2
maksssksksss117_png.rf.7e94cfdd2103f274d64e99014148fc3c.txt 180,232,312,359,1
maksssksksss153_png.rf.e4eb83960a295b2e0c2d9997d39c1622.txt 92,31,116,67,1 300,31,322,67,2
maksssksksss158_png.rf.3ca844d33694eb2549374807cbdf0fa6.txt 1,82,24,115,1 29,103,43,126,1 93,81,107,106,1 116,76,138,112,1 137,88,149,110,1 156,103,172,126,1 186,103,202,124,1 224,115,247,145,1 247,76,265,104,1 290,87,304,109,1 304,82,321,111,1 335,121,355,150,1 367,94,385,127,1 172,100,180,115,1
maksssksksss160_png.rf.54f81ca0a9527fc586803ad7fe021f0b.txt 73,118,156,221,1 255,154,338,282,1
maksssksksss185_png.rf.c3cba6e9535ed60e184125c40be4471d.txt 91,215,125,290,1 118,173,144,238,1 171,157,202,195,1 280,106,298,132,1
maksssksksss188_png.rf.ca49cf88a73b65a6ec2be2da2ec8482c.txt 136,212,272,330,1
maksssksksss199_png.rf.28402bbd7dc8f06aef75de80a3cdff85.txt 45,214,54,234,1 138,176,148,192,0 217,151,228,173,1 281,190,291,209,1 332,169,345,190,1
maksssksksss203_png.rf.5747f0c50b65628884638aff5c25c6bf.txt 10,50,38,103,1 103,76,128,122,1 244,87,264,127,1 315,76,341,116,1
maksssksksss211_png.rf.7abd4a0f564bbe9c31da65003751e668.txt 149,112,286,249,1
maksssksksss212_png.rf.a7c9a7dbd481d1850fc9a7697eed6197.txt 178,77,262,139,1
maksssksksss215_png.rf.8940d59abc936a02d32e7b6435bdb495.txt 77,77,163,166,1 254,98,326,177,1
maksssksksss21_png.rf.6b684c8a15abc45a6935538c0729e005.txt 41,249,112,398,1 55,102,115,204,1 195,141,255,255,1 323,86,372,178,1 188,57,229,108,2
maksssksksss224_png.rf.4d50233dfbebfc38efa7c794e24b669f.txt 221,115,309,207,1
maksssksksss227_png.rf.8d1eabe98f91ee9fc7118488fafd9500.txt 283,134,311,179,1 356,92,379,135,1 255,76,281,126,1 151,160,175,195,1 168,123,191,159,1 128,132,147,160,1 101,120,123,148,1 31,120,47,143,1 74,120,90,140,1 59,111,68,126,1 207,108,218,126,1
maksssksksss230_png.rf.d3f2c2bb4461a7b7df97a3a3195ef5a0.txt 12,216,74,300,1 100,103,148,166,1 158,43,202,104,1 248,203,314,293,1 344,172,415,273,1
maksssksksss252_png.rf.6191cc8e0c52b62016092f1bfe93626b.txt 112,100,221,249,1
maksssksksss255_png.rf.27af672940748e31280602e1f0386311.txt 44,150,52,162,1 6,174,22,201,1 33,211,46,238,1 75,163,97,203,1 90,142,100,165,1 103,133,111,150,1 132,142,137,154,1 121,155,128,170,1 126,181,140,211,1 142,170,151,192,1 154,166,178,207,1 174,233,202,288,1 182,154,187,162,0 242,181,253,209,1 263,159,272,177,1 279,192,293,222,1 319,205,386,333,1 378,281,404,335,1
maksssksksss268_png.rf.2bee7dd34cd8260f670986147df595b2.txt 133,78,272,141,1 344,61,414,121,2 87,98,140,126,2 17,73,59,94,1
maksssksksss273_png.rf.0b54a8109d74ca705f3f9e0a45622933.txt 111,148,257,287,1
maksssksksss277_png.rf.0d59290653dde9467343eee6b88dee95.txt 29,85,51,111,1 99,70,117,98,1 60,111,69,128,1 134,92,146,113,1 169,81,184,115,1 212,89,229,124,1 290,90,302,126,1 351,85,366,117,1 240,135,244,144,1 409,144,413,154,1 402,146,408,157,1
maksssksksss291_png.rf.3269349fd907ac231131e324edb34203.txt 187,268,275,372,1
maksssksksss319_png.rf.2e9f778a5b9b5849e3f2e25a1a9347b2.txt 70,110,78,126,1 112,112,123,133,2 135,108,148,130,2 153,123,169,152,1 188,98,207,135,1 200,115,207,136,2 216,112,233,143,1 234,131,242,150,2 242,130,258,156,1 295,135,313,163,1 381,108,387,140,2
maksssksksss31_png.rf.b26149f919a09b277550695c3e54399d.txt 216,138,288,256,1 149,92,209,209,1
maksssksksss329_png.rf.fa8006f8b9458d77d296ee5bc955c42e.txt 44,37,98,125,1 51,187,91,245,1 42,326,90,404,1 182,44,236,131,1 181,190,233,262,1 183,329,235,402,1 324,42,374,125,1 313,182,359,262,1 298,282,382,410,1
maksssksksss339_png.rf.44adfdd05b582ef22326cabae9577a9b.txt 92,217,186,314,1
maksssksksss342_png.rf.e7b25c67ebad03c5f866cf660f7d6258.txt 28,84,55,129,2 88,72,106,102,1 106,78,120,98,1 134,66,149,92,1 74,148,102,192,1 109,186,150,253,1 157,76,167,95,1 165,89,179,111,1 190,102,210,145,1 220,74,234,105,1 261,152,297,208,1 332,308,399,410,1 308,98,332,136,1
maksssksksss372_png.rf.aad60caf291b35e2bd637831201a9371.txt 98,64,120,116,1 170,35,192,84,1
maksssksksss385_png.rf.368552c1a2d7f0f4ed63e0c7bfb9fc31.txt 129,127,162,190,1 399,41,411,76,2 225,44,237,68,2 52,32,62,51,2 89,24,100,44,2
maksssksksss397_png.rf.067823344727b8476f947a915f37114d.txt 41,78,84,166,1 187,105,261,235,1 314,89,371,196,1
maksssksksss404_png.rf.49496e44aea5840197fe153585512aca.txt 154,221,252,330,2
maksssksksss40_png.rf.3c5f10b89859ba368d6b880ded8beba0.txt 67,134,109,207,1 210,115,240,176,1 267,118,308,190,1 380,123,408,173,2
maksssksksss420_png.rf.c6c16fe8317e9d8f1548ae2df22d0e30.txt 131,177,271,292,2
maksssksksss432_png.rf.bdd0b2be575715e64c8cc5ec5ecd54e8.txt 187,126,256,252,1
maksssksksss435_png.rf.6a62551dbe4c268fd009b6021e986d0b.txt 97,70,119,104,1 88,240,110,267,1 170,74,199,125,1 237,35,277,105,1 272,82,302,127,1
maksssksksss438_png.rf.36ad07ea6da8ffda3fc5b2ed8d06bb9e.txt 80,39,95,65,1 157,22,172,50,1 241,58,255,84,1 304,50,315,83,1
maksssksksss43_png.rf.3b12531260a7e2d780b72c57df8c2446.txt 180,47,267,111,1 9,125,47,152,1
maksssksksss443_png.rf.21b7bea5f5e8c091c34782a5237023d9.txt 122,160,257,274,2
maksssksksss444_png.rf.aeae14bcd81699c0428bba9999084e00.txt 112,249,128,287,2 251,233,292,294,1 312,210,344,262,1 359,254,397,313,1
maksssksksss451_png.rf.59447d7d37e1758a63fad97cea4949e2.txt 124,9,146,41,1 96,53,118,89,1 167,12,185,41,2 130,55,157,100,1 1,226,51,354,1 238,72,253,100,2 218,92,242,127,2 191,149,221,198,1 274,37,298,78,1 335,64,353,99,1 309,177,339,219,1 376,130,400,163,1
maksssksksss453_png.rf.549da92cb3929d34b9bdc6eb297a4b64.txt 1,76,16,101,2 18,63,38,92,2 47,63,60,84,2 51,82,60,112,2 19,150,32,174,2 26,193,50,233,1 48,237,73,280,0 100,377,135,415,2 111,8,124,29,2 114,53,131,82,2 137,69,151,100,2 152,75,164,105,2 100,143,117,170,2 128,204,148,241,1 163,202,181,238,1 200,74,213,97,2 215,74,227,98,2 237,88,250,128,1 271,35,289,72,2 307,53,321,79,2 356,46,378,83,1 352,106,372,152,1 111,13,126,29,2
maksssksksss455_png.rf.ae173aa51cdd8ed988e40428161c7961.txt 157,230,310,387,2
maksssksksss480_png.rf.ae2b55701e20414266cd4e6d1dbb0c3c.txt 182,196,334,354,1
maksssksksss490_png.rf.7ef8605113f844276b5eeddf67311f38.txt 116,154,292,290,1
maksssksksss507_png.rf.d563c1a8d9865936a8e47e3c7a47e9f6.txt 135,112,259,362,1
maksssksksss52_png.rf.1942e252a2385226b9812a3d09fa184f.txt 38,305,86,394,2 5,214,48,274,2 1,141,35,181,1 39,118,77,189,1 78,126,95,161,1 95,135,133,207,2 119,242,166,322,1 166,238,202,300,1 216,218,272,313,1 198,154,215,214,1 135,122,162,178,2 174,104,202,156,0 229,92,255,140,2 76,56,99,96,2 65,66,79,102,1 42,41,59,72,1 23,67,37,98,0 75,7,86,28,1 97,39,106,59,1 100,61,118,96,1 162,111,179,153,1 150,76,165,102,1 131,56,147,80,1 148,52,165,76,1 133,11,144,33,1 119,17,124,33,1 159,22,169,43,1 164,37,177,57,1 191,35,207,67,2 204,66,221,106,1 201,98,218,133,1 212,10,218,31,1 236,15,244,33,1 259,5,270,28,1 263,54,282,85,0 255,92,265,132,2 270,135,296,177,1 280,59,291,89,1 286,15,294,33,2 278,201,289,233,1 294,204,328,276,1 314,270,365,373,1 340,92,365,140,1 392,111,403,153,2 365,87,380,129,1 296,133,318,165,1 321,70,341,106,1 315,27,334,64,1 338,18,350,53,0 375,40,384,64,1
maksssksksss537_png.rf.61fb3fc198a9873c350aefb1e9b66334.txt 130,183,268,306,2
maksssksksss538_png.rf.66ca4998495d418da935839519017573.txt 27,148,33,157,2 126,146,146,190,1 258,104,285,157,1
maksssksksss54_png.rf.c99de217e8a1293a3e029fa4596baeee.txt 123,61,162,123,1 204,104,235,170,1 328,124,350,174,1 166,120,184,151,2
maksssksksss559_png.rf.de973c7f009e012389b346f8812302cf.txt 6,348,51,414,1 66,307,95,354,1 99,260,153,356,1 190,221,222,289,1 124,84,142,116,1 158,34,174,59,1 169,88,183,117,1 201,48,213,66,1 238,51,254,76,1 227,141,242,169,1 266,200,309,266,1 307,68,321,91,1 344,130,360,154,2 268,70,284,96,2 176,174,196,205,2
maksssksksss560_png.rf.d7384b1b3cdca3bb1d1bea0e142d3ecf.txt 185,194,227,256,1
maksssksksss572_png.rf.07abf21a411bde33d104b44fcf13fe83.txt 112,211,147,275,1 174,15,206,76,1 201,87,239,157,1 223,37,254,98,1 289,126,311,166,1 350,133,370,174,1
maksssksksss575_png.rf.f87759cf7b023852a381971d3b6c1585.txt 176,78,202,126,1 37,181,55,209,2 243,281,268,342,2 397,233,415,275,2 228,157,238,187,2
maksssksksss586_png.rf.9d83e3705ed875b8758a4bf8b59bb727.txt 114,164,151,254,1 201,178,232,254,1 22,186,51,250,1
maksssksksss587_png.rf.ebcbd6cc90b9da18fce2d936cf28f31d.txt 71,201,102,240,1 215,31,256,76,1
maksssksksss600_png.rf.bb72060d200320a444d8d71a3d03c82c.txt 148,126,261,304,1
maksssksksss620_png.rf.fe3ce0ee4e305a6aecb983fe62f2ca74.txt 74,117,105,162,1 144,104,172,146,1 223,106,247,145,1 315,223,327,241,1 332,193,346,217,2 376,195,400,227,2
maksssksksss636_png.rf.6d6353df1a626a3da74410746415e3bf.txt 78,129,102,166,1 168,155,194,183,1 237,127,252,148,2 281,142,295,166,2 37,137,47,154,1
maksssksksss64_png.rf.2a68904be1aa2e66672d541b1825bf54.txt 102,80,120,116,1 156,74,177,111,1 317,37,338,76,1 367,57,370,68,1 285,57,287,63,2 251,61,254,67,1 214,69,216,72,1 224,67,226,70,1 224,65,226,70,1 234,63,235,66,1 238,65,239,68,1
maksssksksss651_png.rf.dd0b9e52a7e0548142d1f7ea24ce802a.txt 193,74,224,140,1
maksssksksss663_png.rf.f2432361f8252606ebb6765d0b62efec.txt 94,201,209,313,1
maksssksksss669_png.rf.9b7f88d05b073f9731d30becf5ad6839.txt 82,125,302,312,1
maksssksksss687_png.rf.ae60f22fd65f09464673734931b92e77.txt 77,218,231,366,1
maksssksksss692_png.rf.ab45f13f2786b14ee1324cc94c39799c.txt 100,235,221,347,1
maksssksksss704_png.rf.16080a3af1d012e2f503b7b9e3d606e6.txt 50,134,87,213,1 117,142,178,241,1 67,68,110,156,1 194,186,278,314,1 261,33,307,109,1 351,22,394,114,1 341,213,405,316,1
maksssksksss708_png.rf.b1e026ebf68e85e25aa5709c260f605e.txt 138,110,205,248,1 216,105,286,240,1
maksssksksss714_png.rf.628a189c74af7914bccf7100e97951c7.txt 80,191,111,240,1 186,214,213,251,1 316,260,338,292,1 389,171,415,216,1
maksssksksss716_png.rf.4f890dfd43ff57258b4e9707cbd39f88.txt 138,180,288,310,2
maksssksksss728_png.rf.0d07189c65a97afd62fb232f26cc44a2.txt 42,88,58,114,1 107,69,124,97,1 195,92,209,113,1 273,130,288,158,1 362,109,376,133,0 395,127,410,155,1
maksssksksss74_png.rf.2fff938239d9d132474e9b4a01f6c8f4.txt 1,220,36,271,1 27,164,44,190,1 45,154,56,172,1 65,138,76,151,1 4,144,14,155,1 74,168,89,186,1 91,141,103,158,1 94,185,142,253,1 115,141,126,152,1 153,148,160,156,1 160,154,172,168,1 175,176,192,200,1 212,166,238,202,1 206,156,215,176,1 181,153,188,163,1 237,140,249,152,1 286,158,296,168,1 287,138,294,148,1 305,176,315,190,1 298,146,306,154,1 318,159,327,171,1 332,171,352,198,1 365,159,375,173,1 406,177,415,204,1 393,154,406,168,1 223,141,228,149,2
maksssksksss752_png.rf.b2600ec489465bde6301dc0722857aac.txt 80,28,84,37,1 88,28,92,39,1 103,24,109,35,1 129,9,139,35,1 119,52,132,66,1 56,26,68,52,1 184,35,191,61,1 201,37,217,72,1 244,76,249,87,1 281,35,297,67,1 357,40,371,80,1
maksssksksss757_png.rf.be517906e023217c2404a0c3e072a8b9.txt 142,188,303,329,2
maksssksksss769_png.rf.6856f8f864fc1101eabfcfa6ae12af1a.txt 235,78,261,139,1 291,242,319,287,1
maksssksksss773_png.rf.975b5fd764c61ffecd7e1419a665d2dd.txt 66,106,88,138,1 153,90,181,132,1 226,91,250,128,1 300,94,324,125,2 384,104,406,134,2 394,26,408,44,2 260,8,267,24,2 235,15,240,28,2 337,46,342,56,2 306,46,312,54,2 290,42,296,52,2 178,35,185,47,1 150,44,156,53,2 86,35,92,45,2 59,35,67,49,2 25,32,31,45,2 1,32,9,42,2
maksssksksss778_png.rf.1860e2fac6a69a46710af2b3c7d1004c.txt 58,32,90,90,1 86,166,127,228,1 182,81,209,125,1 231,54,261,108,1 327,134,393,226,1
maksssksksss782_png.rf.b5836bebb74b30ed1c28c6f40f4a806f.txt 209,265,236,319,0 300,156,339,232,1
maksssksksss814_png.rf.f3f57095ac3161a924307259e794ed1e.txt 156,272,285,393,1
maksssksksss831_png.rf.971da7c17a9dfd12a0505c5235feb69c.txt 76,105,124,192,1
maksssksksss837_png.rf.162eec716963758443b3a714ca6460ee.txt 130,156,264,270,2
maksssksksss843_png.rf.586d007328db9c4523fa1ec5a6a5b964.txt 143,132,232,217,1 343,212,415,287,1
maksssksksss845_png.rf.d3bb56b345ecc5c23ba3ad5f764b954e.txt 138,204,248,317,1
maksssksksss849_png.rf.43f9c74f431779808e71b68a689d77ab.txt 49,90,69,122,1 98,34,112,62,1 221,50,239,86,1 367,24,389,70,1 