maksssksksss104_png.rf.67187f00e0dc669fa4c8588f18a52d56.txt
2 0.13221153846153846 0.46274038461538464 0.06009615384615385 0.11658653846153846
2 0.027644230769230768 0.4266826923076923 0.05048076923076923 0.07451923076923077
2 0.09254807692307693 0.3581730769230769 0.039663461538461536 0.06370192307692307
1 0.38100961538461536 0.4831730769230769 0.10216346153846154 0.16466346153846154
1 0.59375 0.44591346153846156 0.08774038461538461 0.14182692307692307
2 0.7908653846153846 0.5372596153846154 0.0673076923076923 0.10096153846153846
2 0.22115384615384615 0.33533653846153844 0.03245192307692308 0.040865384615384616
2 0.43149038461538464 0.36899038461538464 0.03245192307692308 0.06370192307692307
maksssksksss10_png.rf.5a9fa4add22945d5784b7a98ac417d23.txt
1 0.48197115384615385 0.8100961538461539 0.31850961538461536 0.28966346153846156
maksssksksss111_png.rf.c1f90ca5e9c580ff3d5f2088bae269ea.txt
1 0.0625 0.7127403846153846 0.04447115384615385 0.07451923076923077
1 0.05048076923076923 0.4014423076923077 0.020432692307692308 0.056490384615384616
1 0.13341346153846154 0.3894230769230769 0.03245192307692308 0.056490384615384616
2 0.052884615384615384 0.5024038461538461 0.025240384615384616 0.06370192307692307
2 0.021634615384615384 0.5276442307692307 0.02283653846153846 0.07091346153846154
1 0.29927884615384615 0.25961538461538464 0.057692307692307696 0.08533653846153846
1 0.3737980769230769 0.27403846153846156 0.052884615384615384 0.078125
1 0.48677884615384615 0.296875 0.057692307692307696 0.09375
1 0.6418269230769231 0.31009615384615385 0.04807692307692308 0.08173076923076923
1 0.7536057692307693 0.2848557692307692 0.057692307692307696 0.09375
1 0.9723557692307693 0.38100961538461536 0.03485576923076923 0.051682692307692304
2 0.9735576923076923 0.5 0.037259615384615384 0.07451923076923077
maksssksksss117_png.rf.7e94cfdd2103f274d64e99014148fc3c.txt
1 0.5913461538461539 0.7103365384615384 0.31850961538461536 0.30528846153846156
maksssksksss153_png.rf.e4eb83960a295b2e0c2d9997d39c1622.txt
1 0.24879807692307693 0.11778846153846154 0.057692307692307696 0.08533653846153846
2 0.7475961538461539 0.11778846153846154 0.055288461538461536 0.08533653846153846
maksssksksss158_png.rf.3ca844d33694eb2549374807cbdf0fa6.txt
1 0.030048076923076924 0.23798076923076922 0.055288461538461536 0.07932692307692307
1 0.08653846153846154 0.27524038461538464 0.03245192307692308 0.054086538461538464
1 0.2403846153846154 0.2247596153846154 0.03485576923076923 0.06129807692307692
1 0.30528846153846156 0.22716346153846154 0.05048076923076923 0.08653846153846154
1 0.34375 0.23798076923076922 0.027644230769230768 0.05048076923076923
1 0.3942307692307692 0.27524038461538464 0.037259615384615384 0.054086538461538464
1 0.46634615384615385 0.27283653846153844 0.037259615384615384 0.05048076923076923
1 0.5661057692307693 0.3125 0.052884615384615384 0.07211538461538461
1 0.6153846153846154 0.21634615384615385 0.04447115384615385 0.06490384615384616
1 0.7139423076923077 0.23557692307692307 0.03245192307692308 0.054086538461538464
1 0.7512019230769231 0.23197115384615385 0.042067307692307696 0.06850961538461539
1 0.8293269230769231 0.32572115384615385 0.04807692307692308 0.06850961538461539
1 0.9038461538461539 0.265625 0.042067307692307696 0.07932692307692307
1 0.4230769230769231 0.25841346153846156 0.020432692307692308 0.036057692307692304
maksssksksss160_png.rf.54f81ca0a9527fc586803ad7fe021f0b.txt
1 0.27524038461538464 0.4074519230769231 0.19951923076923078 0.24879807692307693
1 0.7127403846153846 0.5240384615384616 0.19951923076923078 0.3076923076923077
maksssksksss185_png.rf.c3cba6e9535ed60e184125c40be4471d.txt
1 0.25961538461538464 0.6069711538461539 0.08052884615384616 0.18028846153846154
1 0.31490384615384615 0.49399038461538464 0.06009615384615385 0.15745192307692307
1 0.44711538461538464 0.4230769230769231 0.07451923076923077 0.09014423076923077
1 0.6947115384615384 0.2860576923076923 0.04447115384615385 0.06370192307692307
maksssksksss188_png.rf.ca49cf88a73b65a6ec2be2da2ec8482c.txt
1 0.49038461538461536 0.6514423076923077 0.3293269230769231 0.2824519230769231
maksssksksss199_png.rf.28402bbd7dc8f06aef75de80a3cdff85.txt
1 0.11899038461538461 0.5384615384615384 0.02283653846153846 0.046875
0 0.34375 0.4423076923076923 0.02283653846153846 0.036057692307692304
1 0.5348557692307693 0.3894230769230769 0.025240384615384616 0.054086538461538464
1 0.6875 0.4795673076923077 0.025240384615384616 0.046875
1 0.8137019230769231 0.43149038461538464 0.03245192307692308 0.05048076923076923
maksssksksss203_png.rf.5747f0c50b65628884638aff5c25c6bf.txt
1 0.057692307692307696 0.18389423076923078 0.06490384615384616 0.12860576923076922
1 0.2776442307692308 0.23798076923076922 0.06009615384615385 0.11057692307692307
1 0.6117788461538461 0.25721153846153844 0.04807692307692308 0.09735576923076923
1 0.7884615384615384 0.23076923076923078 0.0625 0.09735576923076923
maksssksksss211_png.rf.7abd4a0f564bbe9c31da65003751e668.txt
1 0.5228365384615384 0.4338942307692308 0.33052884615384615 0.3293269230769231
maksssksksss212_png.rf.a7c9a7dbd481d1850fc9a7697eed6197.txt
1 0.5276442307692307 0.25961538461538464 0.20192307692307693 0.1502403846153846
maksssksksss215_png.rf.8940d59abc936a02d32e7b6435bdb495.txt
1 0.28846153846153844 0.2920673076923077 0.20793269230769232 0.21514423076923078
1 0.6971153846153846 0.33052884615384615 0.17548076923076922 0.18990384615384615
maksssksksss21_png.rf.6b684c8a15abc45a6935538c0729e005.txt
1 0.18389423076923078 0.7776442307692307 0.17307692307692307 0.35697115384615385
1 0.20432692307692307 0.36778846153846156 0.14302884615384615 0.24278846153846154
1 0.5408653846153846 0.47596153846153844 0.14302884615384615 0.27283653846153844
1 0.8341346153846154 0.3173076923076923 0.11778846153846154 0.21995192307692307
2 0.5012019230769231 0.19831730769230768 0.09735576923076923 0.12379807692307693
maksssksksss224_png.rf.4d50233dfbebfc38efa7c794e24b669f.txt
1 0.6370192307692307 0.3870192307692308 0.21033653846153846 0.21995192307692307
maksssksksss227_png.rf.8d1eabe98f91ee9fc7118488fafd9500.txt
1 0.7139423076923077 0.3762019230769231 0.0673076923076923 0.10817307692307693
1 0.8846153846153846 0.27283653846153844 0.055288461538461536 0.1045673076923077
1 0.6442307692307693 0.2439903846153846 0.0625 0.1201923076923077
1 0.3918269230769231 0.4266826923076923 0.057692307692307696 0.0829326923076923
1 0.43149038461538464 0.3389423076923077 0.052884615384615384 0.08653846153846154
1 0.33052884615384615 0.35216346153846156 0.04447115384615385 0.0673076923076923
1 0.2692307692307692 0.32211538461538464 0.052884615384615384 0.0673076923076923
1 0.09375 0.3161057692307692 0.037259615384615384 0.056490384615384616
1 0.1971153846153846 0.3125 0.039663461538461536 0.04927884615384615
1 0.15264423076923078 0.2848557692307692 0.020432692307692308 0.037259615384615384
1 0.5108173076923077 0.28125 0.027644230769230768 0.04447115384615385
maksssksksss230_png.rf.d3f2c2bb4461a7b7df97a3a3195ef5a0.txt
1 0.10336538461538461 0.6189903846153846 0.14903846153846154 0.20192307692307693
1 0.2980769230769231 0.3233173076923077 0.11538461538461539 0.1502403846153846
1 0.4326923076923077 0.17668269230769232 0.10336538461538461 0.1466346153846154
1 0.6766826923076923 0.5961538461538461 0.15865384615384615 0.21754807692307693
1 0.9122596153846154 0.5348557692307693 0.171875 0.24278846153846154
maksssksksss252_png.rf.6191cc8e0c52b62016092f1bfe93626b.txt
1 0.40024038461538464 0.4182692307692308 0.25961538461538464 0.3581730769230769
maksssksksss255_png.rf.27af672940748e31280602e1f0386311.txt
1 0.11538461538461539 0.375 0.020432692307692308 0.03125
1 0.03365384615384615 0.45072115384615385 0.037259615384615384 0.06610576923076923
1 0.09495192307692307 0.5396634615384616 0.030048076923076924 0.06610576923076923
1 0.20673076923076922 0.43990384615384615 0.052884615384615384 0.09735576923076923
1 0.2283653846153846 0.36899038461538464 0.02283653846153846 0.052884615384615384
1 0.25721153846153844 0.3401442307692308 0.020432692307692308 0.039663461538461536
1 0.3233173076923077 0.3557692307692308 0.01201923076923077 0.026442307692307692
1 0.29927884615384615 0.390625 0.018028846153846152 0.036057692307692304
1 0.31971153846153844 0.47115384615384615 0.03485576923076923 0.07091346153846154
1 0.35216346153846156 0.43509615384615385 0.020432692307692308 0.052884615384615384
1 0.39903846153846156 0.4483173076923077 0.057692307692307696 0.09735576923076923
1 0.4519230769230769 0.6262019230769231 0.06490384615384616 0.13341346153846154
0 0.44350961538461536 0.3798076923076923 0.01201923076923077 0.021634615384615384
1 0.5949519230769231 0.46875 0.025240384615384616 0.06610576923076923
1 0.6430288461538461 0.40384615384615385 0.020432692307692308 0.04447115384615385
1 0.6875 0.49759615384615385 0.03485576923076923 0.07091346153846154
1 0.8473557692307693 0.6466346153846154 0.15985576923076922 0.30649038461538464
1 0.9399038461538461 0.7403846153846154 0.06009615384615385 0.12860576923076922
maksssksksss268_png.rf.2bee7dd34cd8260f670986147df595b2.txt
1 0.48677884615384615 0.26322115384615385 0.3329326923076923 0.15264423076923078
2 0.9110576923076923 0.21875 0.16947115384615385 0.14302884615384615
2 0.27283653846153844 0.2692307692307692 0.12860576923076922 0.0673076923076923
1 0.09134615384615384 0.20072115384615385 0.10216346153846154 0.052884615384615384
maksssksksss273_png.rf.0b54a8109d74ca705f3f9e0a45622933.txt
1 0.4423076923076923 0.5228365384615384 0.35216346153846156 0.33533653846153844
maksssksksss277_png.rf.0d59290653dde9467343eee6b88dee95.txt
1 0.09615384615384616 0.23557692307692307 0.052884615384615384 0.0625
1 0.25961538461538464 0.20192307692307693 0.04447115384615385 0.06610576923076923
1 0.15504807692307693 0.28725961538461536 0.020432692307692308 0.039663461538461536
1 0.33653846153846156 0.24639423076923078 0.027644230769230768 0.04927884615384615
1 0.42427884615384615 0.23557692307692307 0.037259615384615384 0.08052884615384616
1 0.5300480769230769 0.25600961538461536 0.039663461538461536 0.08413461538461539
1 0.7115384615384616 0.25961538461538464 0.027644230769230768 0.08413461538461539
1 0.8617788461538461 0.24278846153846154 0.037259615384615384 0.07572115384615384
1 0.5829326923076923 0.33533653846153844 0.009615384615384616 0.021634615384615384
1 0.9879807692307693 0.3581730769230769 0.009615384615384616 0.021634615384615384
1 0.9747596153846154 0.3641826923076923 0.014423076923076924 0.026442307692307692
maksssksksss291_png.rf.3269349fd907ac231131e324edb34203.txt
1 0.5552884615384616 0.7704326923076923 0.2127403846153846 0.25
maksssksksss319_png.rf.2e9f778a5b9b5849e3f2e25a1a9347b2.txt
1 0.1778846153846154 0.28365384615384615 0.020432692307692308 0.039663461538461536
2 0.2824519230769231 0.29447115384615385 0.025240384615384616 0.051682692307692304
2 0.3401442307692308 0.2860576923076923 0.030048076923076924 0.051682692307692304
1 0.3870192307692308 0.33052884615384615 0.039663461538461536 0.06850961538461539
1 0.47475961538461536 0.2800480769230769 0.04447115384615385 0.08774038461538461
2 0.4891826923076923 0.3016826923076923 0.018028846153846152 0.051682692307692304
1 0.5396634615384616 0.30649038461538464 0.039663461538461536 0.07572115384615384
2 0.5721153846153846 0.33774038461538464 0.020432692307692308 0.04447115384615385
1 0.6009615384615384 0.34375 0.037259615384615384 0.06370192307692307
1 0.7307692307692307 0.3581730769230769 0.042067307692307696 0.06850961538461539
2 0.9230769230769231 0.2980769230769231 0.014423076923076924 0.07572115384615384
maksssksksss31_png.rf.b26149f919a09b277550695c3e54399d.txt
1 0.6057692307692307 0.4735576923076923 0.17307692307692307 0.28125
1 0.43028846153846156 0.36177884615384615 0.14543269230769232 0.28125
maksssksksss329_png.rf.fa8006f8b9458d77d296ee5bc955c42e.txt
1 0.17067307692307693 0.19471153846153846 0.12740384615384615 0.21033653846153846
1 0.17067307692307693 0.5192307692307693 0.09735576923076923 0.13822115384615385
1 0.15865384615384615 0.8762019230769231 0.11778846153846154 0.1875
1 0.5024038461538461 0.21033653846153846 0.12980769230769232 0.21033653846153846
1 0.49759615384615385 0.5432692307692307 0.125 0.171875
1 0.5024038461538461 0.8786057692307693 0.125 0.17548076923076922
1 0.8377403846153846 0.20072115384615385 0.1201923076923077 0.19831730769230768
1 0.8076923076923077 0.5336538461538461 0.11057692307692307 0.19110576923076922
1 0.8173076923076923 0.8317307692307693 0.19951923076923078 0.3076923076923077
maksssksksss339_png.rf.44adfdd05b582ef22326cabae9577a9b.txt
1 0.33413461538461536 0.6382211538461539 0.22716346153846154 0.23197115384615385
maksssksksss342_png.rf.e7b25c67ebad03c5f866cf660f7d6258.txt
2 0.09975961538461539 0.25600961538461536 0.06490384615384616 0.10817307692307693
1 0.23317307692307693 0.2091346153846154 0.042067307692307696 0.06971153846153846
1 0.27163461538461536 0.21153846153846154 0.03245192307692308 0.05048076923076923
1 0.3401442307692308 0.18990384615384615 0.03485576923076923 0.0625
1 0.21153846153846154 0.40865384615384615 0.0673076923076923 0.1045673076923077
1 0.3112980769230769 0.5276442307692307 0.09735576923076923 0.1622596153846154
1 0.3894230769230769 0.20552884615384615 0.025240384615384616 0.046875
1 0.41346153846153844 0.2403846153846154 0.03245192307692308 0.054086538461538464
1 0.4807692307692308 0.296875 0.04807692307692308 0.1045673076923077
1 0.5456730769230769 0.21514423076923078 0.03245192307692308 0.0733173076923077
1 0.6706730769230769 0.4326923076923077 0.08774038461538461 0.13581730769230768
1 0.8786057692307693 0.8629807692307693 0.1622596153846154 0.2439903846153846
1 0.7692307692307693 0.28125 0.057692307692307696 0.0889423076923077
maksssksksss372_png.rf.aad60caf291b35e2bd637831201a9371.txt
1 0.2608173076923077 0.21514423076923078 0.052884615384615384 0.125
1 0.4362980769230769 0.14302884615384615 0.052884615384615384 0.11538461538461539
maksssksksss385_png.rf.368552c1a2d7f0f4ed63e0c7bfb9fc31.txt
1 0.34975961538461536 0.38221153846153844 0.08052884615384616 0.15144230769230768
2 0.9735576923076923 0.140625 0.027644230769230768 0.08533653846153846
2 0.5552884615384616 0.1346153846153846 0.030048076923076924 0.057692307692307696
2 0.13701923076923078 0.09975961538461539 0.025240384615384616 0.04447115384615385
2 0.22716346153846154 0.08173076923076923 0.025240384615384616 0.04927884615384615
maksssksksss397_png.rf.067823344727b8476f947a915f37114d.txt
1 0.1502403846153846 0.2932692307692308 0.1045673076923077 0.2127403846153846
1 0.5384615384615384 0.40865384615384615 0.1778846153846154 0.3112980769230769
1 0.8233173076923077 0.3425480769230769 0.13701923076923078 0.25721153846153844
maksssksksss404_png.rf.49496e44aea5840197fe153585512aca.txt
2 0.48677884615384615 0.6634615384615384 0.23557692307692307 0.2620192307692308
maksssksksss40_png.rf.3c5f10b89859ba368d6b880ded8beba0.txt
1 0.21153846153846154 0.4098557692307692 0.10216346153846154 0.17548076923076922
1 0.5408653846153846 0.34975961538461536 0.07211538461538461 0.1466346153846154
1 0.6911057692307693 0.3701923076923077 0.09735576923076923 0.171875
2 0.9483173076923077 0.3557692307692308 0.0673076923076923 0.1201923076923077
maksssksksss420_png.rf.c6c16fe8317e9d8f1548ae2df22d0e30.txt
2 0.4831730769230769 0.5637019230769231 0.33533653846153844 0.2776442307692308
maksssksksss432_png.rf.bdd0b2be575715e64c8cc5ec5ecd54e8.txt
1 0.5324519230769231 0.4543269230769231 0.16466346153846154 0.3004807692307692
maksssksksss435_png.rf.6a62551dbe4c268fd009b6021e986d0b.txt
1 0.25841346153846156 0.20793269230769232 0.052884615384615384 0.08173076923076923
1 0.23677884615384615 0.609375 0.052884615384615384 0.06370192307692307
1 0.44350961538461536 0.23918269230769232 0.07211538461538461 0.12379807692307693
1 0.6177884615384616 0.16826923076923078 0.09495192307692307 0.16706730769230768
1 0.6899038461538461 0.2512019230769231 0.06971153846153846 0.10697115384615384
maksssksksss438_png.rf.36ad07ea6da8ffda3fc5b2ed8d06bb9e.txt
1 0.21033653846153846 0.125 0.03485576923076923 0.0625
1 0.3954326923076923 0.08653846153846154 0.03485576923076923 0.06610576923076923
1 0.5961538461538461 0.16947115384615385 0.03245192307692308 0.0625
1 0.7439903846153846 0.15985576923076922 0.027644230769230768 0.08052884615384616
maksssksksss43_png.rf.3b12531260a7e2d780b72c57df8c2446.txt
1 0.5372596153846154 0.18990384615384615 0.21033653846153846 0.15504807692307693
1 0.0673076923076923 0.3329326923076923 0.09014423076923077 0.06490384615384616
maksssksksss443_png.rf.21b7bea5f5e8c091c34782a5237023d9.txt
2 0.45552884615384615 0.5216346153846154 0.32572115384615385 0.27283653846153844
maksssksksss444_png.rf.aeae14bcd81699c0428bba9999084e00.txt
2 0.28846153846153844 0.6442307692307693 0.037259615384615384 0.09254807692307693
1 0.6526442307692307 0.6334134615384616 0.09975961538461539 0.1466346153846154
1 0.7884615384615384 0.5673076923076923 0.07692307692307693 0.12379807692307693
1 0.9086538461538461 0.6814903846153846 0.09254807692307693 0.14302884615384615
maksssksksss451_png.rf.59447d7d37e1758a63fad97cea4949e2.txt
1 0.3233173076923077 0.06009615384615385 0.052884615384615384 0.07692307692307693
1 0.25600961538461536 0.17067307692307693 0.052884615384615384 0.08413461538461539
2 0.4230769230769231 0.06370192307692307 0.04447115384615385 0.06971153846153846
1 0.3449519230769231 0.18629807692307693 0.06490384615384616 0.109375
1 0.0625 0.6959134615384616 0.1201923076923077 0.3076923076923077
2 0.5901442307692307 0.20673076923076922 0.03485576923076923 0.06971153846153846
2 0.5516826923076923 0.2620192307692308 0.057692307692307696 0.08413461538461539
1 0.49399038461538464 0.4170673076923077 0.07211538461538461 0.11778846153846154
1 0.6875 0.13701923076923078 0.055288461538461536 0.0985576923076923
1 0.8269230769230769 0.19591346153846154 0.04447115384615385 0.08413461538461539
1 0.7788461538461539 0.47596153846153844 0.07211538461538461 0.10216346153846154
1 0.9338942307692307 0.35216346153846156 0.057692307692307696 0.08052884615384616
maksssksksss453_png.rf.549da92cb3929d34b9bdc6eb297a4b64.txt
2 0.020432692307692308 0.2127403846153846 0.03485576923076923 0.06009615384615385
2 0.06610576923076923 0.18509615384615385 0.04807692307692308 0.06971153846153846
2 0.12860576923076922 0.17668269230769232 0.03245192307692308 0.052884615384615384
2 0.13341346153846154 0.23317307692307693 0.02283653846153846 0.0733173076923077
2 0.06129807692307692 0.3894230769230769 0.03245192307692308 0.06009615384615385
1 0.09134615384615384 0.5120192307692307 0.057692307692307696 0.09615384615384616
0 0.14543269230769232 0.6213942307692307 0.06009615384615385 0.10336538461538461
2 0.2824519230769231 0.9519230769230769 0.08533653846153846 0.09014423076923077
2 0.2824519230769231 0.04447115384615385 0.030048076923076924 0.05048076923076923
2 0.29447115384615385 0.1622596153846154 0.039663461538461536 0.06971153846153846
2 0.34615384615384615 0.203125 0.03245192307692308 0.0733173076923077
2 0.3798076923076923 0.21634615384615385 0.030048076923076924 0.0733173076923077
2 0.2608173076923077 0.3762019230769231 0.042067307692307696 0.06610576923076923
1 0.3317307692307692 0.5348557692307693 0.04807692307692308 0.09014423076923077
1 0.41346153846153844 0.5300480769230769 0.042067307692307696 0.08653846153846154
2 0.4963942307692308 0.20552884615384615 0.03245192307692308 0.056490384615384616
2 0.53125 0.20673076923076922 0.027644230769230768 0.06009615384615385
1 0.5853365384615384 0.25841346153846156 0.030048076923076924 0.09615384615384616
2 0.6730769230769231 0.12860576923076922 0.04447115384615385 0.09014423076923077
2 0.7548076923076923 0.15865384615384615 0.03485576923076923 0.06370192307692307
1 0.8834134615384616 0.15504807692307693 0.052884615384615384 0.09014423076923077
1 0.8701923076923077 0.31009615384615385 0.05048076923076923 0.11298076923076923
2 0.2848557692307692 0.05048076923076923 0.03485576923076923 0.039663461538461536
maksssksksss455_png.rf.ae173aa51cdd8ed988e40428161c7961.txt
2 0.5612980769230769 0.7415865384615384 0.36538461538461536 0.37740384615384615
maksssksksss480_png.rf.ae2b55701e20414266cd4e6d1dbb0c3c.txt
1 0.6213942307692307 0.6598557692307693 0.36538461538461536 0.3798076923076923
maksssksksss490_png.rf.7ef8605113f844276b5eeddf67311f38.txt
1 0.49038461538461536 0.5336538461538461 0.421875 0.3269230769230769
maksssksksss507_png.rf.d563c1a8d9865936a8e47e3c7a47e9f6.txt
1 0.4735576923076923 0.5697115384615384 0.2980769230769231 0.5997596153846154
maksssksksss52_png.rf.1942e252a2385226b9812a3d09fa184f.txt
2 0.14903846153846154 0.8401442307692307 0.11778846153846154 0.2127403846153846
2 0.06370192307692307 0.5865384615384616 0.10216346153846154 0.14182692307692307
1 0.04326923076923077 0.3870192307692308 0.0829326923076923 0.09735576923076923
1 0.13942307692307693 0.36899038461538464 0.09014423076923077 0.16947115384615385
1 0.20793269230769232 0.3449519230769231 0.039663461538461536 0.08413461538461539
2 0.27403846153846156 0.4110576923076923 0.09254807692307693 0.17307692307692307
1 0.34375 0.6778846153846154 0.11298076923076923 0.19110576923076922
1 0.4423076923076923 0.6466346153846154 0.08533653846153846 0.1466346153846154
1 0.5865384615384616 0.6382211538461539 0.13221153846153846 0.22716346153846154
1 0.4963942307692308 0.4423076923076923 0.042067307692307696 0.1466346153846154
2 0.35697115384615385 0.3605769230769231 0.06490384615384616 0.13341346153846154
0 0.4519230769230769 0.3112980769230769 0.06971153846153846 0.125
2 0.5817307692307693 0.2800480769230769 0.0625 0.11538461538461539
2 0.21033653846153846 0.18269230769230768 0.055288461538461536 0.09735576923076923
1 0.17307692307692307 0.20192307692307693 0.03485576923076923 0.08413461538461539
1 0.12139423076923077 0.13581730769230768 0.042067307692307696 0.07572115384615384
0 0.07211538461538461 0.19831730769230768 0.03485576923076923 0.07572115384615384
1 0.1935096153846154 0.042067307692307696 0.027644230769230768 0.04927884615384615
1 0.2439903846153846 0.11778846153846154 0.02283653846153846 0.04927884615384615
1 0.2620192307692308 0.18870192307692307 0.04447115384615385 0.08413461538461539
1 0.4098557692307692 0.3173076923076923 0.039663461538461536 0.10216346153846154
1 0.3786057692307692 0.2127403846153846 0.037259615384615384 0.0625
1 0.33413461538461536 0.1622596153846154 0.037259615384615384 0.057692307692307696
1 0.3762019230769231 0.15384615384615385 0.042067307692307696 0.057692307692307696
1 0.3329326923076923 0.052884615384615384 0.025240384615384616 0.052884615384615384
1 0.29086538461538464 0.06009615384615385 0.01201923076923077 0.039663461538461536
1 0.3942307692307692 0.078125 0.02283653846153846 0.04927884615384615
1 0.4098557692307692 0.11298076923076923 0.030048076923076924 0.04927884615384615
2 0.47836538461538464 0.12259615384615384 0.037259615384615384 0.07572115384615384
1 0.5108173076923077 0.20673076923076922 0.042067307692307696 0.09375
1 0.5036057692307693 0.2776442307692308 0.042067307692307696 0.08413461538461539
1 0.5168269230769231 0.04927884615384615 0.01201923076923077 0.052884615384615384
1 0.5769230769230769 0.057692307692307696 0.020432692307692308 0.04447115384615385
1 0.6358173076923077 0.039663461538461536 0.027644230769230768 0.052884615384615384
0 0.6550480769230769 0.16706730769230768 0.04447115384615385 0.07572115384615384
2 0.625 0.2692307692307692 0.025240384615384616 0.09375
1 0.6790865384615384 0.375 0.0625 0.10216346153846154
1 0.6862980769230769 0.1778846153846154 0.027644230769230768 0.07091346153846154
2 0.6971153846153846 0.057692307692307696 0.020432692307692308 0.04447115384615385
1 0.6814903846153846 0.5216346153846154 0.027644230769230768 0.07572115384615384
1 0.7475961538461539 0.5757211538461539 0.08052884615384616 0.17307692307692307
1 0.8161057692307693 0.7728365384615384 0.12259615384615384 0.24879807692307693
1 0.8473557692307693 0.2800480769230769 0.06009615384615385 0.11538461538461539
2 0.9555288461538461 0.3173076923076923 0.025240384615384616 0.10216346153846154
1 0.8954326923076923 0.25961538461538464 0.03485576923076923 0.10216346153846154
1 0.7391826923076923 0.3581730769230769 0.052884615384615384 0.07572115384615384
1 0.7956730769230769 0.21153846153846154 0.04807692307692308 0.08413461538461539
1 0.7800480769230769 0.11057692307692307 0.04447115384615385 0.0889423076923077
0 0.8269230769230769 0.08653846153846154 0.030048076923076924 0.08413461538461539
1 0.9122596153846154 0.12620192307692307 0.020432692307692308 0.057692307692307696
maksssksksss537_png.rf.61fb3fc198a9873c350aefb1e9b66334.txt
2 0.47836538461538464 0.5877403846153846 0.3317307692307692 0.29447115384615385
maksssksksss538_png.rf.66ca4998495d418da935839519017573.txt
2 0.07211538461538461 0.36658653846153844 0.014423076923076924 0.021634615384615384
1 0.3269230769230769 0.40384615384615385 0.05048076923076923 0.10697115384615384
1 0.6526442307692307 0.3137019230769231 0.06490384615384616 0.12860576923076922
maksssksksss54_png.rf.c99de217e8a1293a3e029fa4596baeee.txt
1 0.3425480769230769 0.22115384615384615 0.09495192307692307 0.1502403846153846
1 0.5276442307692307 0.3293269230769231 0.07451923076923077 0.15745192307692307
1 0.8149038461538461 0.359375 0.055288461538461536 0.1201923076923077
2 0.4206730769230769 0.32572115384615385 0.042067307692307696 0.07451923076923077
maksssksksss559_png.rf.de973c7f009e012389b346f8812302cf.txt
1 0.06850961538461539 0.9158653846153846 0.10697115384615384 0.15985576923076922
1 0.19230769230769232 0.7944711538461539 0.06971153846153846 0.11298076923076923
1 0.30288461538461536 0.7403846153846154 0.12980769230769232 0.23076923076923078
1 0.49399038461538464 0.6129807692307693 0.07692307692307693 0.16346153846153846
1 0.31971153846153844 0.2403846153846154 0.04447115384615385 0.07451923076923077
1 0.39903846153846156 0.11177884615384616 0.037259615384615384 0.05889423076923077
1 0.4230769230769231 0.24639423076923078 0.03485576923076923 0.06971153846153846
1 0.49759615384615385 0.13822115384615385 0.030048076923076924 0.04326923076923077
1 0.5913461538461539 0.15264423076923078 0.037259615384615384 0.0625
1 0.5637019230769231 0.37259615384615385 0.037259615384615384 0.06610576923076923
1 0.6911057692307693 0.5600961538461539 0.10216346153846154 0.15985576923076922
1 0.7548076923076923 0.19110576923076922 0.03485576923076923 0.055288461538461536
2 0.8461538461538461 0.34134615384615385 0.037259615384615384 0.05889423076923077
2 0.6634615384615384 0.19951923076923078 0.037259615384615384 0.0625
2 0.44591346153846156 0.45552884615384615 0.04807692307692308 0.07451923076923077
maksssksksss560_png.rf.d7384b1b3cdca3bb1d1bea0e142d3ecf.txt
1 0.4951923076923077 0.5408653846153846 0.09975961538461539 0.1466346153846154
maksssksksss572_png.rf.07abf21a411bde33d104b44fcf13fe83.txt
1 0.3112980769230769 0.5841346153846154 0.0829326923076923 0.15504807692307693
1 0.4567307692307692 0.109375 0.07692307692307693 0.1466346153846154
1 0.5288461538461539 0.2932692307692308 0.09254807692307693 0.16947115384615385
1 0.5745192307692307 0.1622596153846154 0.07451923076923077 0.1466346153846154
1 0.7211538461538461 0.35096153846153844 0.052884615384615384 0.09735576923076923
1 0.8653846153846154 0.36899038461538464 0.05048076923076923 0.09735576923076923
maksssksksss575_png.rf.f87759cf7b023852a381971d3b6c1585.txt
1 0.4543269230769231 0.2439903846153846 0.0625 0.11538461538461539
2 0.11057692307692307 0.46875 0.04447115384615385 0.06610576923076923
2 0.6129807692307693 0.7487980769230769 0.06009615384615385 0.1466346153846154
2 0.9759615384615384 0.6105769230769231 0.042067307692307696 0.10216346153846154
2 0.5600961538461539 0.41346153846153844 0.025240384615384616 0.07091346153846154
maksssksksss586_png.rf.9d83e3705ed875b8758a4bf8b59bb727.txt
1 0.31850961538461536 0.5024038461538461 0.08774038461538461 0.21754807692307693
1 0.5204326923076923 0.5192307692307693 0.07451923076923077 0.18389423076923078
1 0.08774038461538461 0.5228365384615384 0.06971153846153846 0.15384615384615385
maksssksksss587_png.rf.ebcbd6cc90b9da18fce2d936cf28f31d.txt
1 0.20793269230769232 0.5300480769230769 0.07451923076923077 0.09254807692307693
1 0.5661057692307693 0.12860576923076922 0.09735576923076923 0.109375
maksssksksss600_png.rf.bb72060d200320a444d8d71a3d03c82c.txt
1 0.49158653846153844 0.5180288461538461 0.27283653846153844 0.42788461538461536
maksssksksss620_png.rf.fe3ce0ee4e305a6aecb983fe62f2ca74.txt
1 0.21514423076923078 0.33533653846153844 0.07451923076923077 0.10817307692307693
1 0.38100961538461536 0.3016826923076923 0.0673076923076923 0.10096153846153846
1 0.5637019230769231 0.3016826923076923 0.057692307692307696 0.09375
1 0.7716346153846154 0.5576923076923077 0.027644230769230768 0.04447115384615385
2 0.8149038461538461 0.49278846153846156 0.03485576923076923 0.056490384615384616
2 0.9326923076923077 0.5072115384615384 0.055288461538461536 0.078125
maksssksksss636_png.rf.6d6353df1a626a3da74410746415e3bf.txt
1 0.21634615384615385 0.3545673076923077 0.057692307692307696 0.09014423076923077
1 0.43509615384615385 0.40625 0.06009615384615385 0.06610576923076923
2 0.5877403846153846 0.3317307692307692 0.03485576923076923 0.05048076923076923
2 0.6923076923076923 0.3701923076923077 0.03485576923076923 0.06009615384615385
1 0.10096153846153846 0.34975961538461536 0.02283653846153846 0.039663461538461536
maksssksksss64_png.rf.2a68904be1aa2e66672d541b1825bf54.txt
1 0.2668269230769231 0.23557692307692307 0.042067307692307696 0.0889423076923077
1 0.40024038461538464 0.22235576923076922 0.05048076923076923 0.0889423076923077
1 0.7872596153846154 0.13581730769230768 0.05048076923076923 0.09375
1 0.8858173076923077 0.15144230769230768 0.007211538461538462 0.026442307692307692
2 0.6875 0.14423076923076922 0.004807692307692308 0.013221153846153846
1 0.6081730769230769 0.15384615384615385 0.007211538461538462 0.013221153846153846
1 0.5168269230769231 0.16947115384615385 0.002403846153846154 0.008413461538461538
1 0.5396634615384616 0.16466346153846154 0.004807692307692308 0.008413461538461538
1 0.5420673076923077 0.1622596153846154 0.004807692307692308 0.013221153846153846
1 0.5637019230769231 0.15504807692307693 0.002403846153846154 0.008413461538461538
1 0.5733173076923077 0.15985576923076922 0.002403846153846154 0.008413461538461538
maksssksksss651_png.rf.dd0b9e52a7e0548142d1f7ea24ce802a.txt
1 0.5012019230769231 0.25721153846153844 0.07692307692307693 0.15985576923076922
maksssksksss663_png.rf.f2432361f8252606ebb6765d0b62efec.txt
1 0.3641826923076923 0.6177884615384616 0.27524038461538464 0.2704326923076923
maksssksksss669_png.rf.9b7f88d05b073f9731d30becf5ad6839.txt
1 0.46153846153846156 0.5252403846153846 0.5300480769230769 0.4495192307692308
maksssksksss687_png.rf.ae60f22fd65f09464673734931b92e77.txt
1 0.3701923076923077 0.7019230769230769 0.36899038461538464 0.3545673076923077
maksssksksss692_png.rf.ab45f13f2786b14ee1324cc94c39799c.txt
1 0.3858173076923077 0.6995192307692307 0.2920673076923077 0.2704326923076923
maksssksksss704_png.rf.16080a3af1d012e2f503b7b9e3d606e6.txt
1 0.16466346153846154 0.4170673076923077 0.09014423076923077 0.19110576923076922
1 0.3545673076923077 0.46033653846153844 0.14543269230769232 0.23918269230769232
1 0.2127403846153846 0.2692307692307692 0.1045673076923077 0.21033653846153846
1 0.5661057692307693 0.5997596153846154 0.20192307692307693 0.3076923076923077
1 0.6826923076923077 0.17067307692307693 0.11057692307692307 0.18389423076923078
1 0.8954326923076923 0.16346153846153846 0.1045673076923077 0.22115384615384615
1 0.8966346153846154 0.6370192307692307 0.15264423076923078 0.24759615384615385
maksssksksss708_png.rf.b1e026ebf68e85e25aa5709c260f605e.txt
1 0.41225961538461536 0.43028846153846156 0.15985576923076922 0.33052884615384615
1 0.6033653846153846 0.41466346153846156 0.16706730769230768 0.32572115384615385
maksssksksss714_png.rf.628a189c74af7914bccf7100e97951c7.txt
1 0.22956730769230768 0.5180288461538461 0.07451923076923077 0.11658653846153846
1 0.4795673076923077 0.5588942307692307 0.06490384615384616 0.09014423076923077
1 0.7860576923076923 0.6646634615384616 0.052884615384615384 0.07692307692307693
1 0.9663461538461539 0.4651442307692308 0.0625 0.11057692307692307
maksssksksss716_png.rf.4f890dfd43ff57258b4e9707cbd39f88.txt
2 0.5120192307692307 0.5889423076923077 0.359375 0.3125
maksssksksss728_png.rf.0d07189c65a97afd62fb232f26cc44a2.txt
1 0.1201923076923077 0.24278846153846154 0.039663461538461536 0.06370192307692307
1 0.2776442307692308 0.19951923076923078 0.039663461538461536 0.0673076923076923
1 0.4855769230769231 0.24639423076923078 0.03485576923076923 0.04927884615384615
1 0.6742788461538461 0.34615384615384615 0.037259615384615384 0.0673076923076923
0 0.8870192307692307 0.29086538461538464 0.03485576923076923 0.056490384615384616
1 0.9675480769230769 0.3389423076923077 0.03485576923076923 0.0673076923076923
maksssksksss741_png.rf.ef6f86c800f887f96a2b6b9190a470c3.txt
0 0.48677884615384615 0.14423076923076922 0.1502403846153846 0.09254807692307693
maksssksksss74_png.rf.2fff938239d9d132474e9b4a01f6c8f4.txt
1 0.04447115384615385 0.5901442307692307 0.08533653846153846 0.12259615384615384
1 0.08533653846153846 0.4254807692307692 0.039663461538461536 0.06009615384615385
1 0.12139423076923077 0.390625 0.027644230769230768 0.04326923076923077
1 0.16947115384615385 0.3473557692307692 0.025240384615384616 0.030048076923076924
1 0.021634615384615384 0.359375 0.02283653846153846 0.026442307692307692
1 0.19591346153846154 0.4266826923076923 0.037259615384615384 0.04326923076923077
1 0.23317307692307693 0.359375 0.027644230769230768 0.039663461538461536
1 0.2848557692307692 0.5264423076923077 0.11538461538461539 0.1622596153846154
1 0.28966346153846156 0.35216346153846156 0.025240384615384616 0.026442307692307692
1 0.3762019230769231 0.36538461538461536 0.018028846153846152 0.020432692307692308
1 0.39903846153846156 0.38822115384615385 0.027644230769230768 0.03365384615384615
1 0.4411057692307692 0.4519230769230769 0.042067307692307696 0.06009615384615385
1 0.5408653846153846 0.4423076923076923 0.0625 0.08653846153846154
1 0.5060096153846154 0.39903846153846156 0.02283653846153846 0.046875
1 0.44350961538461536 0.3798076923076923 0.018028846153846152 0.02283653846153846
1 0.5841346153846154 0.35096153846153844 0.027644230769230768 0.030048076923076924
1 0.6995192307692307 0.3918269230769231 0.025240384615384616 0.026442307692307692
1 0.6983173076923077 0.34375 0.018028846153846152 0.02283653846153846
1 0.7451923076923077 0.4387019230769231 0.025240384615384616 0.03365384615384615
1 0.7259615384615384 0.3605769230769231 0.018028846153846152 0.016826923076923076
1 0.7752403846153846 0.39663461538461536 0.020432692307692308 0.030048076923076924
1 0.8233173076923077 0.44350961538461536 0.04807692307692308 0.06370192307692307
1 0.8894230769230769 0.39903846153846156 0.025240384615384616 0.03365384615384615
1 0.9867788461538461 0.4579326923076923 0.02283653846153846 0.06610576923076923
1 0.9603365384615384 0.3858173076923077 0.030048076923076924 0.03365384615384615
2 0.5420673076923077 0.3485576923076923 0.014423076923076924 0.020432692307692308
maksssksksss752_png.rf.b2600ec489465bde6301dc0722857aac.txt
1 0.1971153846153846 0.078125 0.009615384615384616 0.021634615384615384
1 0.21634615384615385 0.08052884615384616 0.01201923076923077 0.026442307692307692
1 0.2548076923076923 0.07091346153846154 0.014423076923076924 0.026442307692307692
1 0.32211538461538464 0.052884615384615384 0.025240384615384616 0.0625
1 0.3016826923076923 0.14182692307692307 0.03245192307692308 0.036057692307692304
1 0.14903846153846154 0.09375 0.027644230769230768 0.0625
1 0.45072115384615385 0.11538461538461539 0.018028846153846152 0.0625
1 0.5024038461538461 0.1310096153846154 0.039663461538461536 0.08413461538461539
1 0.5925480769230769 0.19591346153846154 0.014423076923076924 0.026442307692307692
1 0.6947115384615384 0.12259615384615384 0.039663461538461536 0.07572115384615384
1 0.875 0.14423076923076922 0.03485576923076923 0.09375
maksssksksss757_png.rf.be517906e023217c2404a0c3e072a8b9.txt
2 0.5348557692307693 0.6213942307692307 0.3858173076923077 0.33774038461538464
maksssksksss769_png.rf.6856f8f864fc1101eabfcfa6ae12af1a.txt
1 0.5961538461538461 0.25961538461538464 0.0625 0.1466346153846154
1 0.7331730769230769 0.6358173076923077 0.0673076923076923 0.10697115384615384
maksssksksss773_png.rf.975b5fd764c61ffecd7e1419a665d2dd.txt
1 0.18629807692307693 0.2932692307692308 0.052884615384615384 0.07692307692307693
1 0.4014423076923077 0.2668269230769231 0.0673076923076923 0.10216346153846154
1 0.5709134615384616 0.26322115384615385 0.057692307692307696 0.08774038461538461
2 0.75 0.26322115384615385 0.055288461538461536 0.0733173076923077
2 0.9483173076923077 0.2860576923076923 0.052884615384615384 0.06971153846153846
2 0.9639423076923077 0.08413461538461539 0.03245192307692308 0.04326923076923077
2 0.6334134615384616 0.038461538461538464 0.018028846153846152 0.039663461538461536
2 0.5709134615384616 0.051682692307692304 0.01201923076923077 0.028846153846153848
2 0.8161057692307693 0.12259615384615384 0.01201923076923077 0.025240384615384616
2 0.7427884615384616 0.1201923076923077 0.014423076923076924 0.021634615384615384
2 0.7055288461538461 0.11298076923076923 0.014423076923076924 0.021634615384615384
1 0.4362980769230769 0.0985576923076923 0.018028846153846152 0.028846153846153848
2 0.36778846153846156 0.11658653846153846 0.014423076923076924 0.021634615384615384
2 0.2127403846153846 0.09615384615384616 0.014423076923076924 0.025240384615384616
2 0.15144230769230768 0.10096153846153846 0.018028846153846152 0.03245192307692308
2 0.0673076923076923 0.09254807692307693 0.014423076923076924 0.03245192307692308
2 0.01201923076923077 0.0889423076923077 0.020432692307692308 0.025240384615384616
maksssksksss778_png.rf.1860e2fac6a69a46710af2b3c7d1004c.txt
1 0.17908653846153846 0.1466346153846154 0.07692307692307693 0.14182692307692307
1 0.25600961538461536 0.4735576923076923 0.09735576923076923 0.1466346153846154
1 0.4699519230769231 0.24759615384615385 0.06490384615384616 0.1045673076923077
1 0.5913461538461539 0.19471153846153846 0.07211538461538461 0.12740384615384615
1 0.8653846153846154 0.4326923076923077 0.15985576923076922 0.22115384615384615
maksssksksss782_png.rf.b5836bebb74b30ed1c28c6f40f4a806f.txt
0 0.5348557692307693 0.7019230769230769 0.06490384615384616 0.12860576923076922
1 0.7680288461538461 0.46634615384615385 0.09495192307692307 0.1814903846153846
maksssksksss814_png.rf.f3f57095ac3161a924307259e794ed1e.txt
1 0.5300480769230769 0.7992788461538461 0.3088942307692308 0.2920673076923077
maksssksksss831_png.rf.971da7c17a9dfd12a0505c5235feb69c.txt
1 0.2403846153846154 0.35697115384615385 0.11538461538461539 0.20793269230769232
maksssksksss837_png.rf.162eec716963758443b3a714ca6460ee.txt
2 0.4735576923076923 0.5120192307692307 0.32211538461538464 0.27524038461538464
maksssksksss843_png.rf.586d007328db9c4523fa1ec5a6a5b964.txt
1 0.45072115384615385 0.41947115384615385 0.2127403846153846 0.20552884615384615
1 0.9110576923076923 0.5997596153846154 0.17307692307692307 0.18028846153846154
maksssksksss845_png.rf.d3bb56b345ecc5c23ba3ad5f764b954e.txt
1 0.4639423076923077 0.6262019230769231 0.2620192307692308 0.27283653846153844
maksssksksss849_png.rf.43f9c74f431779808e71b68a689d77ab.txt
1 0.14182692307692307 0.2548076923076923 0.04807692307692308 0.07572115384615384
1 0.25240384615384615 0.1141826923076923 0.03485576923076923 0.0673076923076923
1 0.5528846153846154 0.16346153846153846 0.04447115384615385 0.0889423076923077
1 0.9086538461538461 0.1141826923076923 0.052884615384615384 0.11057692307692307